// Monsters Additional Database
//
// Structure of Database :
// ID,Sprite_Name,kROName,iROName,LV,HP,SP,EXP,JEXP,Range1,ATK1,ATK2,DEF,MDEF,STR,AGI,VIT,INT,DEX,LUK,Range2,Range3,Scale,Race,Element,Mode,Speed,aDelay,aMotion,dMotion,MEXP,MVP1id,MVP1per,MVP2id,MVP2per,MVP3id,MVP3per,Drop1id,Drop1per,Drop2id,Drop2per,Drop3id,Drop3per,Drop4id,Drop4per,Drop5id,Drop5per,Drop6id,Drop6per,Drop7id,Drop7per,Drop8id,Drop8per,Drop9id,Drop9per,DropCardid,DropCardper

// Custom Hollow Poring (overrrides/collides with META_ANDRE)
//1237,HOLLOW_PORING,Hollow Poring,Hollow Poring,1,50,0,2,1,1,7,10,0,5,1,1,1,0,6,30,10,12,1,3,21,0x83,400,1872,672,480,0,0,0,0,0,0,0,909,7000,1202,100,938,400,512,1000,713,1500,512,150,619,20,0,0,0,0,4001,10
// Custom Fire Poring. Warning, Colides with META_DENIRO
//1239,FIRE_PORING,Fire Poring,Fire Poring,1,50,0,2,1,1,7,10,0,5,1,1,1,1,6,30,10,12,1,3,21,0x131,400,1872,672,480,0,0,0,0,0,0,0,909,7000,1202,100,938,400,512,1000,713,1500,741,5,619,20,0,0,0,0,4001,20

// iRO Christmas 2008 Event
// Uncomment if event is enabled, as these drops modifications are nessecary.
//1244,JAKK_XMAS,Christmas Jakk,Christmas Jakk,38,3581,0,1113,688,1,315,382,5,30,1,38,38,43,75,45,10,12,1,0,43,0x81,200,1180,480,648,0,0,0,0,0,0,0,529,1000,530,1000,14546,1000,14550,1000,7174,1000,7175,1000,6092,1000,12355,1250,0,0,0,0
//1245,GOBLINE_XMAS,Christmas Goblin,Christmas Goblin,25,1176,0,282,171,1,118,140,10,5,1,53,25,20,38,45,10,12,1,7,24,0x81,100,1120,620,240,0,0,0,0,0,0,0,529,1000,530,1000,14546,1000,14550,1000,7174,1000,7175,1000,6092,1000,12355,1250,0,0,0,0
//1246,COOKIE_XMAS,Christmas Cookie,Christmas Cookie,28,2090,0,461,284,1,140,170,0,50,1,24,30,53,45,100,10,12,0,7,46,0x91,400,1248,1248,240,0,0,0,0,0,0,0,529,1000,530,1000,14546,1000,14550,1000,7174,1000,7175,1000,6092,1000,12355,1250,0,0,0,0
//1247,ANTONIO,Antonio,Antonio,10,10,0,3,2,1,13,20,100,0,1,1,1,50,100,100,10,12,1,3,66,0xC1,100,720,720,432,0,0,0,0,0,0,0,604,500,12354,500,14550,500,5136,500,12132,500,12225,500,5811,500,0,0,0,0,4243,1
1815,EVENT_RICECAKE,Rice Cake,Rice Cake,12,777,1,7,7,1,7,14,0,99,7,7,7,17,17,7,10,12,1,0,20,0x170000,250,1320,0,300,0,0,0,0,0,0,0,0,0,0,0,0,0,0,0,0,0,0,0,0,0,0,0,0,0,0,0

// iRO Halloween 2009 Event
// Uncomment if event is enabled. Uncomment the skills for Halloween Whisper in mob_skill_db2.
//3014,HALLOWEEN_WHISPER,Halloween Whisper,Halloween Whisper,1,800,0,0,0,1,10,13,0,45,1,51,14,0,60,0,10,12,0,6,68,0x81,150,1960,960,504,0,0,0,0,0,0,0,12396,150,6299,5335,0,0,0,0,0,0,0,0,0,0,0,0,0,0,0,0
//3015,HALLOWEEN_DARK_LORD,Halloween Dark Lord,Halloween Dark Lord,1,45,0,0,0,1,10,13,0,45,1,51,14,0,60,0,10,12,2,6,89,0x81,100,868,768,480,0,0,0,0,0,0,0,12396,800,12397,5335,0,0,0,0,0,0,0,0,0,0,0,0,0,0,0,0

// iRO Halloween 2008 Event
// Uncomment if event is enabled.
//3000,ZOMBIE,Zombie,Zombie,15,534,0,50,33,1,67,79,0,10,1,8,7,0,15,0,10,12,1,1,29,0x3885,400,2612,912,288,0,0,0,0,0,0,0,957,9000,724,5,938,1000,958,50,727,70,0,0,0,0,0,0,0,0,4038,1
//3001,GHOUL,Ghoul,Ghoul,40,5418,0,1088,622,1,420,500,5,20,1,20,29,0,45,20,10,12,1,1,49,0x3885,250,2456,912,504,0,0,0,0,0,0,0,958,6000,756,110,509,700,511,800,2609,60,934,150,1260,1,0,0,0,0,4110,1
//3002,ZOMBIE_MASTER,Zombie Master,Zombie Master,62,14211,0,7610,2826,1,824,1084,37,26,25,20,30,5,77,35,10,12,1,1,29,0x3695,175,2612,912,288,0,0,0,0,0,0,0,7071,4413,938,1500,958,1500,723,200,727,100,1260,1,2324,2,0,0,0,0,4274,1

//rebootRO
1288,EMPELIUM,Emperium,Emperium,90,400,1,0,0,1,60,73,64,50,1,17,80,50,26,20,10,12,0,8,26,0x6370000,300,1288,288,384,0,0,0,0,0,0,0,0,0,0,0,0,0,0,0,0,0,0,0,0,0,0,0,0,0,0,0
1447,G_GRYPHON,Gryps,Gryps,200,27800000,0,0,0,1,95000,95000,35,35,200,200,200,200,200,200,10,12,2,2,84,0x6203885,100,704,504,432,0,0,0,0,0,0,0,0,0,0,0,0,0,0,0,0,0,0,0,0,0,0,0,0,0,0,0
1543,G_KAPHA,Kappa,Kappa,200,7892000,0,0,0,3,100000,100000,50,50,200,200,200,200,200,200,10,12,1,5,21,0x3885,165,2012,1728,672,0,0,0,0,0,0,0,20204,5000,20205,100,0,0,0,0,0,0,0,0,0,0,0,0,0,0,0,0
1563,G_TENGU,Tengu,Tengu,200,6940000,0,0,0,2,100000,100000,80,80,200,200,200,200,200,200,10,12,2,6,42,0x2003885,200,1439,1920,672,0,0,0,0,0,0,0,20200,5000,20201,100,0,0,0,0,0,0,0,0,0,0,0,0,0,0,0,0
1570,G_CRAMP,Mini Wyra,Mini Wyra,201,4720000,0,0,0,1,100000,100000,50,50200,200,200,200,200,200,200,10,12,0,2,45,0x6203695,100,1000,500,1000,0,0,0,0,0,0,0,20202,5000,20203,100,0,0,0,0,0,0,0,0,0,0,0,0,0,0,0,0
1689,G_BACSOJIN,Empress Mezzaluna,Empress Mezzaluna,210,60000000,1,45250,16445,3,100000,120000,100,100,220,220,220,220,220,220,10,12,1,7,80,0x6283695,130,576,960,480,2417800,542,9000,543,9000,0,0,5317,1000,543,10000,542,5000,2633,1,2792,1,20228,5000,20229,100,7484,1000,40420,50,20092,1
//1731 Sauro
1799,G_SEYREN_,Slebinian Royal Guard,Slebinian Royal Guard,205,36475900,0,18000,10000,1,100000,75000,72,37,200,200,200,200,200,200,10,12,1,7,83,0x6203695,100,76,384,288,0,0,0,0,0,0,0,0,0,0,0,0,0,0,0,0,0,0,0,0,0,0,0,0,0,0,0
1805,B_SEYREN_,Slebinian Royal Guard,Slebinian Royal Guard,205,36475900,0,4835600,1569970,1,100000,75000,72,37,200,200,200,200,200,200,10,12,1,7,83,0x6203695,100,76,384,288,0,0,0,0,0,0,0,7583,10000,0,0,0,0,0,0,0,0,0,0,0,0,0,0,0,0,0,0
1812,hatred_jeff,Hatred of Jeff Saber,Hatred of Jeff Saber,255,199690420,32767,27,20,2,131071,131071,120,70,300,300,300,300,300,300,10,12,1,8,87,0x6283695,90,75,200,0,655360,40000,5000,542,1000,543,5000,543,10000,5054,100,2362,100,40002,100,542,10000,40000,10000,2750,100,5317,10000,7484,10000,20273,1
1813,ZERO_2,Netorian Homunculus,Netorian Homunculus,235,3000000,1,27,20,2,100000,100000,100,50,255,255,255,255,255,255,10,12,1,0,80,0xB695,400,1872,672,480,0,0,0,0,0,0,0,40060,5000,13889,450,13890,400,13517,300,7444,10000,40000,250,674,500,543,500,0,0,0,0
1814,redgurl_battle,Flame Spirit of ReDGuRL,ReDGuRL's Flame Spirit,255,199690420,32767,27,20,2,131071,131071,120,70,300,300,300,300,300,300,10,12,1,8,83,0x6283695,90,75,200,0,655360,40020,5000,542,1000,543,5000,543,10000,5054,100,2633,100,40022,100,542,10000,40020,10000,2792,100,5317,10000,7484,10000,20274,1
1817,EVENT_DETALE,Detale,Detarderous,99,8880000,0,4500000,2500000,3,32767,65534,65,65,1,142,200,250,189,50,10,12,2,8,48,0x6203695,100,972,936,360,0,0,0,0,0,0,0,0,0,0,0,0,0,0,0,0,0,0,0,0,0,0,0,39123,2500,0,0
1820,yuwee_battle,Bound Persona Yuwki,Bound 3rd Persona Yuwki,255,199690420,32767,27,20,2,131071,131071,120,70,300,300,300,300,300,300,10,12,1,0,80,0x6283695,90,75,200,0,655360,40040,5000,542,1000,543,5000,543,10000,5054,100,2632,100,40042,100,542,10000,40040,10000,2793,100,5317,10000,7484,10000,20275,1
1828,DOKEBI,Gold,Gold,68,10000,1,675,759,1,317,347,85,20,52,56,35,20,60,25,10,12,0,6,27,0x2000091,250,1156,456,384,0,0,0,0,0,0,0,969,250,969,150,969,500,969,350,969,450,969,50,969,500,0,0,0,0,969,1000
1841,I_DOPPELGANGER,Master Sauro,Master Sauro,255,69000000,1,313200,250560,1,100000,100000,246,86,255,255,255,255,255,255,10,12,2,8,48,0x6203695,190,480,480,288,100000,543,9000,542,9000,0,0,7484,10000,543,10000,5317,100,543,10000,542,10000,40420,75,0,0,0,0,0,0,20090,1
1842,ZERO,Netorian Homunculus,Netorian Homunculus,235,3000000,1,27,20,2,100000,100000,100,50,255,255,255,255,255,255,10,12,1,0,80,0xB695,400,1872,672,480,0,0,0,0,0,0,0,40060,5000,13889,450,13890,400,13517,300,7444,10000,40000,250,674,500,543,500,0,0,0,0
1843,EMISSIONBAT,Mutant Death Chils,Mutant Death Chils,235,3000000,1,27,20,2,100000,100000,100,50,255,255,255,255,255,255,10,12,1,0,80,0xB695,400,1872,672,1248,0,0,0,0,0,0,0,40061,5000,13889,450,13890,400,13517,300,7444,10000,40020,250,674,500,543,500,0,0,0,0
1844,NEOHYUROIDO,Agent of Chronos,Agent of Chronos,235,3000000,1,27,20,2,100000,100000,100,50,255,255,255,255,255,255,10,12,1,0,80,0xB695,400,1872,672,480,0,0,0,0,0,0,0,40062,5000,13889,450,13890,400,13517,300,7444,10000,40040,250,674,500,543,500,0,0,0,0
1848,EVENT_BAPHOMET,Baphomet,Baphomet,50,4500000,0,1000,1000,2,1500,3000,10,10,1,60,15,15,160,30,10,12,2,6,67,0x6203695,100,768,768,576,0,0,0,0,0,0,0,0,0,0,0,0,0,0,0,0,0,0,0,0,0,0,0,39123,2500,0,0
1849,EVENT_OSIRIS,Osiris,Osiris,60,1250000,0,2000,2000,1,3500,5000,20,20,1,60,25,25,160,30,10,12,1,1,89,0x6203695,100,1072,672,384,0,0,0,0,0,0,0,0,0,0,0,0,0,0,0,0,0,0,0,0,0,0,0,39123,2500,0,0
1850,EVENT_ORCHERO,Iruna Orc,Iruna Orc,200,5000000,0,3000,3000,1,80000,80000,55,55,200,200,200,200,200,200,10,12,2,7,82,0x6203695,150,1678,780,648,0,0,0,0,0,0,0,20212,5000,20219,100,0,0,0,0,0,0,0,0,0,0,0,0,0,0,0,0
1875,TRISTAN_3RD,Corrupted Lord Netori,Corrupted Lord Netori,250,150000000,32000,1,1,2,130000,130000,100,50,255,255,255,255,255,255,10,12,1,1,86,0x6283695,175,1816,1152,360,65000,542,5000,543,7000,7484,5000,2374,5,2375,5,2537,5,2729,5,5808,5,2433,5,20261,10000,20089,1,20058,5,20102,1
2004,T_WICKED_NYMPH,Evil Nymph,Evil Nymph,210,35000000,0,0,0,2,75000,75000,12,75,180,180,180,180,180,180,10,12,1,6,67,0x6283695,200,637,1008,360,0,0,0,0,0,0,0,0,0,0,0,0,0,0,0,0,0,0,0,0,0,0,0,0,0,0,0
2005,T_PLASMA_B,Humria,Humria,200,10000000,1,0,0,3,100000,100000,0,30,200,1,200,200,200,1,10,12,0,0,81,0x6283695,150,608,1440,576,0,0,0,0,0,0,0,0,0,0,0,0,0,0,0,0,0,0,0,543,100,674,1000,671,5000,0,0
2006,T_PLASMA_P,Humria,Humria,200,10000000,1,0,0,3,100000,100000,0,30,200,1,200,200,200,1,10,12,0,0,87,0x6283695,150,608,1440,576,0,0,0,0,0,0,0,0,0,0,0,0,0,0,0,0,0,0,0,543,100,674,1000,671,5000,0,0
2007,T_PLASMA_R,Humria,Humria,200,10000000,1,0,0,3,100000,100000,0,30,200,1,200,200,200,1,10,12,0,0,83,0x6283695,150,608,1440,576,0,0,0,0,0,0,0,0,0,0,0,0,0,0,0,0,0,0,0,543,100,674,1000,671,5000,0,0
2012,E_ZOMBIE,Emperium Dummy,Emperium Dummy,90,400,1,0,0,1,60,73,64,50,1,17,80,50,26,20,10,12,0,8,26,0x6370000,300,1288,288,384,0,0,0,0,0,0,0,0,0,0,0,0,0,0,0,0,0,0,0,0,0,0,0,0,0,0,0
2036,VALKYRIE_N,Seele Zauga,Seele Zauga,225,75000000,1,0,0,1,120000,120000,100,50,240,240,240,240,240,240,10,12,1,8,87,0x6283695,170,576,576,480,1,542,5000,543,7000,7484,5000,20220,5000,20225,100,2363,1,2362,1,2361,1,40420,50,0,0,0,0,0,0,20095,1
2056,E_ZHERLTHSH,Haachama,Haachama,200,60000000,65535,0,0,15,143,143,0,0,190,190,190,190,190,190,10,12,1,3,21,0x6283695,400,1872,672,480,0,0,0,0,0,0,0,0,0,0,0,0,0,0,0,0,0,0,0,0,0,0,0,0,0,40496,10000
2060,M_ALICE,Alice,Alice,200,1602900,0,0,0,2,75000,75000,12,75,180,180,180,180,180,180,10,12,1,6,67,0x6283695,200,637,1008,360,0,0,0,0,0,0,0,0,0,0,0,0,0,0,0,0,0,0,0,0,0,0,0,0,0,0,0
2075,E_VADON_X,Kiryu Coco,Kiryu Coco,220,75000000,65535,0,0,15,200,200,30,30,200,200,200,200,200,200,10,12,1,3,21,0x6283695,400,1872,672,480,0,0,0,0,0,0,0,0,0,0,0,0,0,0,0,0,0,0,0,0,0,0,0,0,0,40497,10000
2080,CRYSTAL_L,Crystal,Crystal,1,1,0,0,0,1,7,10,0,5,1,1,1,1,6,30,10,12,1,3,21,0x120,400,1872,672,480,0,0,0,0,0,0,0,0,0,0,0,0,0,0,0,0,0,0,0,0,0,0,0,0,0,40481,10000
2164,I_RAKE_SCARABA,Gold Fly Knight,Gold Fly Knight,150,7000000,0,20970,16785,1,100000,100000,250,70,200,200,200,200,200,200,10,12,1,4,42,0x2003695,200,76,384,288,0,0,0,0,0,0,0,0,0,0,0,0,0,0,0,0,0,0,0,0,0,0,0,0,0,0,0
2228,G_RANDEL,Pelleus Astraeum,Pelleus Astraeum,210,27500000,0,18000,10000,1,110000,110000,150,70,255,255,255,255,255,255,10,12,1,7,86,0x6283695,100,76,384,288,0,0,0,0,0,0,0,20251,5000,20253,100,0,0,0,0,0,0,0,0,0,0,0,0,0,0,0,0
2249,PYURIEL,Vengeful Enina,Vengeful Enina,220,69420000,1,1500123,1200000,2,111111,111111,100,100,225,225,225,225,225,225,10,12,1,7,80,0x6283695,100,576,1380,360,750061,542,5000,543,7000,7484,5000,20223,5000,20227,100,2750,1,5317,100,7484,1000,40420,50,0,0,0,0,0,0,20093,1
2252,ELVIRA,Cubo,Cubo,200,5014890,1,13633,12409,1,95000,90000,80,80,200,200,200,200,200,200,10,12,0,0,80,0x6283695,120,1576,504,360,0,0,0,0,0,0,0,20217,5000,20218,100,0,0,0,0,0,0,0,0,0,0,0,0,0,0,0,0
2254,SOHEON,Mio,Mio,205,55000000,1,15715,12540,2,120000,90000,100,50,255,255,255,255,255,255,10,12,1,7,84,0x2003695,120,1000,1008,432,1,674,5000,543,1000,0,0,20221,5000,20226,100,5317,100,7484,1000,2633,1,40420,50,0,0,0,0,0,0,20096,1
2311,MANANANGGAL,Malicious Passion,Malicious Passion,220,66666666,1,7117,5712,1,100000,100000,60,60,220,220,220,220,220,220,10,12,0,3,24,0x6283695,300,1500,720,360,0,0,0,0,0,0,0,0,0,0,0,0,0,0,0,0,0,0,0,0,0,0,0,0,0,0,0
2317,BANGUNGOT_1,Hatred Remnant,Hatred Remnant,220,66666666,1,7117,5712,1,100000,100000,60,60,220,220,220,220,220,220,10,12,0,3,24,0x6283695,300,1500,720,360,0,0,0,0,0,0,0,0,0,0,0,0,0,0,0,0,0,0,0,0,0,0,0,0,0,0,0
2318,BANGUNGOT_2,Hatred Remnant,Hatred Remnant,250,66666666,1,7117,5712,1,100000,100000,60,60,220,220,220,220,220,220,10,12,0,3,24,0x6283695,300,1500,720,360,0,0,0,0,0,0,0,0,0,0,0,0,0,0,0,0,0,0,0,0,0,0,0,0,0,0,0
2338,MD_MANANANGGAL,Malicious Passion,Malicious Passion,250,66666666,1,7117,5712,1,100000,100000,60,60,220,220,220,220,220,220,10,12,0,3,24,0x6283695,300,1500,720,360,0,0,0,0,0,0,0,0,0,0,0,0,0,0,0,0,0,0,0,0,0,0,0,0,0,0,0
2365,CENERE,Lingering Hatred,Lingering Hatred,200,6666666,1,7117,5712,1,100000,100000,60,60,200,200,200,200,200,200,10,12,0,3,24,0x6283695,300,1500,720,360,0,0,0,0,0,0,0,20244,5000,20245,100,0,0,0,0,0,0,0,0,0,0,0,0,0,0,0,0
2419,L_KATRINN,Donna Arcanretia,Donna Arcanretia,200,7092690,1,2750,1934,1,69000,120000,69,66,210,210,210,210,210,210,10,12,1,7,68,0x6283695,130,864,400,288,0,0,0,0,0,0,0,20251,5000,20252,100,0,0,0,0,0,0,0,0,0,0,0,0,0,0,0,0
2441,B_NOVICE,Cursed Netorian Rebel,Cursed Netorian Rebel,200,10000000,1,212534,175494,3,100000,100000,90,90,205,205,205,205,205,205,10,12,1,7,83,0x6283695,100,76,384,288,0,0,0,0,0,0,0,20248,5000,20249,100,0,0,0,0,0,0,0,0,0,0,0,0,0,0,0,0
2442,B_SUPERNOVICE,Jack Callers,Jack Callers,215,69420000,1,217620,178000,3,111111,111111,100,100,225,225,225,225,225,225,10,12,1,7,83,0x6283695,100,76,384,288,108810,542,9000,543,9000,0,0,20262,5000,20263,5317,100,7484,1000,2633,1,2362,1,40420,50,0,0,0,0,0,20105,1
2443,AIRA,Red Light Heretic,Red Light Heretic,215,60000000,1,220000,180000,1,100000,115000,80,70,225,225,225,225,225,225,10,12,1,7,63,0x6283695,150,432,400,288,110000,542,9000,543,9000,0,0,20256,5000,20260,100,5317,100,7484,1000,2792,1,2361,1,40420,50,0,0,0,0,20101,1
2475,MG_CORRUPTION_ROOT,Ouvel - Eater of Worlds,Ouvel - Eater of Worlds,250,150000000,32000,2199906,2008478,3,130000,130000,100,50,255,255,255,255,255,255,10,12,2,6,87,0x6283695,2000,576,672,480,65000,542,5000,543,7000,7484,5000,2374,5,2375,5,2537,5,2729,5,5808,5,2433,5,20234,10000,20089,1,20058,5,20091,1
3449,G_P_AMDARAIS,Third Eyes,Third Eyes,200,27500000,1,2291324,2197024,3,110000,110000,150,70,255,255,255,255,255,255,10,12,2,0,80,0x6283695,120,312,1200,432,0,0,0,0,0,0,0,20236,5000,20235,100,0,0,0,0,0,0,0,0,0,0,0,0,0,0,0,0
2638,C3_TAROU,Frost Garrison Rodent,Frost Garrison Rodent,210,7500000,1,335,1140,1,105000,105000,69,89,210,210,210,210,210,210,10,12,0,2,27,0x6283695,150,1744,1044,684,0,0,0,0,0,0,0,20254,5000,20255,100,0,0,0,0,0,0,0,0,0,0,0,0,0,0,0,0
2697,C4_PORING,Poring,Poring,250,66666666,1,7117,5712,1,100000,100000,60,60,220,220,220,220,220,220,10,12,0,3,24,0x6283695,300,1500,720,360,0,0,0,0,0,0,0,0,0,0,0,0,0,0,0,0,0,0,0,0,0,0,0,0,0,0,0
2895,C4_APOCALIPS,Tomadora Prototype,Tomadora Prototype,205,11500000,1,9885,20535,2,95000,100000,80,40,200,200,200,200,200,200,10,12,2,0,83,0x6283695,400,1840,1440,384,0,0,0,0,0,0,0,20215,5000,20216,100,0,0,0,0,0,0,0,0,0,0,0,0,0,0,0,0
3098,MM_MOROCC_ORIGIN,Behemoth,Behemoth,210,10258000,1,0,0,3,115000,85000,111,90,200,200,200,200,200,200,10,12,2,6,87,0x6283695,350,2000,750,750,0,0,0,0,0,0,0,20246,5000,20247,100,0,0,0,0,0,0,0,0,0,0,0,0,0,0,0,0
3124,CHARLESTON3,Tomadora,Tomadora,215,60000000,1,0,0,3,110000,95000,90,45,215,215,215,215,215,215,10,12,2,0,83,0x6283695,200,1020,500,768,1,674,5000,543,1000,0,0,20222,5000,20224,100,2793,1,5317,100,7484,1000,40420,50,0,0,0,0,0,0,20098,1
3216,V_G_KATRINN,Grand Magus Donna,Grand Magus Donna,225,69420000,1,0,0,1,89000,120000,50,89,240,240,240,240,240,240,10,12,1,7,88,0x6283695,100,576,384,288,65500,542,9000,543,9000,0,0,20266,5000,20261,100,5317,100,7484,1000,2632,1,2363,1,40420,50,0,0,0,0,20103,1
3233,V_G_RANDEL,Holy Vanguard Pelleus,Holy Vanguard Pelleus,220,75000000,0,4621500,2664000,1,115000,100000,100,70,255,255,255,255,255,255,10,12,1,7,86,0x6283695,100,76,384,288,2310750,542,9000,543,9000,0,0,20267,5000,20261,100,2750,1,5317,100,7484,1000,40420,50,0,0,0,0,0,0,20104,1
3247,CENERE_G,Lingering Lust,Lingering Lust,200,6969690,1,7635,7698,1,105000,95000,89,69,200,200,200,200,200,200,10,12,0,0,24,0x6283695,300,1500,720,360,0,0,0,0,0,0,0,20244,5000,20250,100,0,0,0,0,0,0,0,0,0,0,0,0,0,0,0,0
3456,HARDROCK_MOMMOTH,Malfil,Malfil,205,6200000,1,0,0,3,100000,100000,111,90,200,200,200,200,200,200,10,12,2,6,63,0x6203695,200,608,408,336,0,0,0,0,0,0,0,20213,5000,20214,100,0,0,0,0,0,0,0,0,0,0,0,0,0,0,0,0
3055,n_puddingcess,Queen Puddingcess,Queen Puddingcess,1,10,0,0,0,1,1,1,100,99,0,0,0,0,0,0,7,12,0,3,22,0x170000,2000,1,1,1,0,0,0,0,0,0,0,510,5500,712,1000,711,1000,905,500,7932,300,522,50,514,1000,0,0,0,0,2270,2
3222,V_B_SHECIL,Ranger Shecil,Ranger Cecil,189,12600000,1,3000000,3000000,14,7000,4000,200,200,260,260,140,160,600,100,10,12,1,7,84,0x6283695,100,76,384,288,0,0,0,0,0,0,0,20748,3000,20748,500,20748,500,0,0,0,0,0,0,0,0,0,0,0,0,4676,1
3458,AVATAR_ARCTURUS,Knight of Arcturus,Knight of Arcturus,255,120000000,32767,27,20,2,131071,131071,120,70,255,255,255,255,255,255,10,12,1,8,87,0x6283695,90,75,200,0,655360,0,0,0,0,0,0,0,0,0,0,0,0,0,0,0,0,0,0,0,0,0,0,0,0,0,0
3459,LARVA,Mutant Album,Mutant Album,200,4824270,1,38800,3960,2,100000,100000,100,50,200,200,200,200,200,200,10,12,2,4,25,0x2000085,200,384,720,480,0,0,0,0,0,0,0,20208,5000,20209,100,0,0,0,0,0,0,0,0,0,0,0,0,0,0,0,0
3460,MARIQUITA,Mutant Mariquita,Mutant Mariquita,200,5000380,1,10,12,1,100000,100000,100,40,200,200,200,200,200,200,10,12,1,4,45,0x2000085,150,1000,792,336,0,0,0,0,0,0,0,20206,5000,20207,100,0,0,0,0,0,0,0,0,0,0,0,0,0,0,0,0
3461,HATRED,Primal Hatred,Primal Hatred,220,60000000,1,35585,102810,1,115000,115000,87,71,230,230,230,230,230,230,10,12,0,3,24,0x6283695,300,1500,720,360,65000,542,9000,543,9000,0,0,20258,5000,20259,100,40420,50,0,0,0,0,0,0,0,0,0,0,0,0,20100,1
3462,tarantino,Tarantino,Tarantino,200,5459100,1,5155,5155,3,100000,100000,112,42,200,200,200,200,200,200,10,12,2,4,61,0x2003885,250,360,360,600,0,0,0,0,0,0,0,20210,5000,20211,100,0,0,0,0,0,0,0,0,0,0,0,0,0,0,0,0
3463,tarantina,Tarantina,Tarantina,200,55000000,1,0,0,3,105000,105000,105,45,215,215,215,215,215,215,10,12,2,4,82,0x6283695,200,1020,500,768,1,674,5000,543,1000,0,0,5317,100,7484,1000,20230,5000,20231,100,2632,1,40420,50,0,0,0,0,0,0,20097,1
3464,White_Lost_Dragon,Guardian Plazuda,Guardian Plazuda,205,55123456,1,30000,30000,3,105050,105050,75,0,215,215,215,215,215,215,10,12,2,9,88,0x6283695,150,840,648,576,15000,542,9000,543,9000,0,0,2792,1,20232,5000,20233,100,5317,100,7484,1000,40420,50,0,0,0,0,0,0,20094,1
3465,Red_Lost_Dragon,Shyvana,Shyvana,225,65000000,1,0,0,2,115000,115000,60,50,235,235,235,235,235,235,10,12,2,9,83,0x6283695,150,1596,1620,864,65000,542,9000,543,9000,0,0,20256,5000,20257,100,2633,1,2792,1,40420,50,0,0,0,0,0,0,0,0,20099,1
3466,WTF_PORING,Poring,Poring,220,66666666,1,7117,5712,1,100000,100000,60,60,220,220,220,220,220,220,10,12,0,3,24,0x6283695,300,1500,720,360,0,0,0,0,0,0,0,0,0,0,0,0,0,0,0,0,0,0,0,0,0,0,0,0,0,0,0

//Destiny's End
1996,Arctarus,Arctarus,Arctarus,255,500000000,32767,27,20,2,131071,131071,120,70,255,255,255,255,255,255,10,12,1,8,87,0x6283695,400,1872,672,480,655360,0,0,0,0,0,0,0,0,0,0,0,0,0,0,0,0,0,0,0,0,0,0,0,0,0,0
2000,M_GAMEMASTER,Jeff Saber,Jeff Saber,255,900000000,655360,27,20,2,131071,131071,121,121,500,500,500,500,500,500,10,12,1,8,87,0x6283695,90,75,200,0,20495600,0,0,0,0,0,0,0,0,0,0,0,0,19514,1000,20089,1000,20135,500,20439,500,20273,1000,5054,5000,40481,1
2001,F_GAMEMASTER,ReDGuRL,ReDGuRL,255,900000000,655360,27,20,2,131071,131071,121,121,500,500,500,500,500,500,10,12,1,8,87,0x6283695,90,75,200,0,20495600,0,0,0,0,0,0,0,0,0,0,0,0,20274,1000,20439,500,19609,10000,20089,1000,19511,5000,5054,5000,40482,1
2003,T_BACSOJIN,White Light Tamari,White Light Tamari,210,750000000,655360,0,0,2,75000,75000,12,75,450,450,450,450,450,450,10,12,1,8,86,0x6283695,90,75,200,0,20495600,0,0,0,0,0,0,0,0,0,0,0,0,0,0,0,0,0,0,0,0,0,0,20316,10000,20089,1000
2063,E_DROPS,Flugel Bloodpledge,Flugel Bloodpledge,255,900000000,655360,27,20,2,131071,131071,121,121,500,500,500,500,500,500,10,12,1,8,87,0x6283695,90,75,200,0,20495600,0,0,0,0,0,0,0,0,0,0,0,0,0,0,0,0,0,0,19515,1000,20439,500,5054,5000,40483,1
2064,E_MAGMARING,Yuwee,Yuwee,210,725000000,655360,0,0,7,50000,100000,135,20,450,450,450,450,450,450,10,12,0,4,22,0x6283695,90,75,200,0,20495600,0,0,0,0,0,0,0,0,0,0,0,0,0,0,0,0,0,0,0,0,20275,10000,19515,10000,20089,1000
2067,E_ANOPHELES_,Amon's Shadow,Amon's Shadow,255,999999999,655360,27,20,2,131071,131071,121,121,500,500,500,500,500,500,10,12,1,8,87,0x6283695,90,75,200,0,0,0,0,0,0,0,0,0,0,0,0,0,0,0,0,0,0,0,0,0,0,0,0,0,0,0,0
2079,CRYSTAL_H,Amon,Amon,255,999999999,655360,27,20,2,131071,131071,121,121,999,999,999,999,999,999,10,12,1,8,87,0x6283695,90,75,200,0,655360,0,0,0,0,0,0,0,0,0,0,0,0,20002,10000,20002,10000,20002,10000,40210,10000,40211,10000,40212,10000,20089,10000
2083,HORN_SCARABA,Tomoyo Okazaki,Tomoyo Okazaki,210,700000000,655360,0,0,7,50000,100000,135,20,450,450,450,450,450,450,10,12,0,4,22,0x6283695,90,75,200,0,20495600,0,0,0,0,0,0,0,0,0,0,0,0,0,0,0,0,0,0,0,0,0,0,19511,10000,20089,1000
3457,ARCTURUS,Arcturus,Arcturus,255,700000000,32767,27,20,2,131071,131071,120,70,450,450,450,450,450,450,10,12,1,8,87,0x6283695,90,75,200,0,655360,0,0,0,0,0,0,0,0,20088,10000,20002,10000,20002,10000,20002,10000,40210,10000,40211,10000,40212,10000,40420,10000,20089,1000

//Pekoland
1022,WEREWOLF,Pekoland Noble,Pekoland Noble,220,100000000,1,11813,7289,2,10000,10000,65,35,150,150,150,150,150,150,10,12,0,2,60,0x6283695,200,1500,768,652,123456,40596,10000,40596,10000,542,5000,40491,1,40492,1,40493,1,40494,1,40495,1,20004,10,543,10000,40596,10000,25512,1000,20003,1
2770,C2_LUNATIC,Elite Nousagi,Elite Nousagi,175,7500000,1,90,195,1,13,1,18,0,125,125,125,125,125,125,10,12,0,2,60,0x6283695,200,1456,456,336,0,0,0,0,0,0,0,0,0,0,0,0,0,0,0,0,0,671,10000,674,1000,40596,1000,25512,1,543,100
2771,C3_LUNATIC,Nousagi,Nousagi,150,2000000,1,90,195,1,13,1,18,0,100,100,100,100,100,100,10,12,0,2,60,0x6283695,200,1456,456,336,0,0,0,0,0,0,0,0,0,0,0,0,0,0,0,0,0,0,0,0,0,40596,100,671,1000,674,500

//HoloCrisis Final
2029,E_MINOROUS_,Anti,Anti,255,15000000,1,27,20,2,100000,100000,100,50,255,255,255,255,255,255,10,12,1,0,80,0xB695,400,1872,672,480,0,0,0,0,0,0,0,0,0,0,0,0,0,0,0,0,0,0,0,0,0,0,0,40068,10000,0,0
2255,KADES,Prime Anti Kades,Prime Anti Kades,255,100000000,1,27,20,2,120000,120000,100,50,300,300,300,300,300,300,10,12,2,0,67,0x6283695,100,900,648,480,802000,40068,10000,0,0,0,0,40068,10000,40068,10000,40068,10000,40068,10000,40068,10000,40068,10000,40068,10000,40068,10000,40068,10000,40601,1

//3467,USABLE_SPACE
//3468,USABLE_SPACE
//3469,USABLE_SPACE
//3470,USABLE_SPACE
//3471,USABLE_SPACE
//3472,USABLE_SPACE

//izludeRuins
2603,C1_ZOMBIE_SLAUGHTER,Izlude Zombie Warrior,Izlude Zombie Warrior,188,3150000,1,0,0,1,8000,6000,360,200,300,160,180,260,400,120,10,12,1,6,81,0x6203695,100,76,384,288,0,0,0,0,0,0,0,0,0,0,0,0,0,0,0,0,0,0,0,0,0,0,0,674,1000,6940,500
2604,C2_ZOMBIE_PRISONER,Izlude Zombie Prisoner,Izlude Zombie Prisoner,187,10800000,1,3000000,3000000,1,4000,12000,220,800,220,160,120,400,420,100,10,12,1,7,88,0x6283695,100,576,384,288,0,0,0,0,0,0,0,20748,3000,20748,500,20748,500,0,0,0,0,0,0,0,0,6940,500,674,1000,4674,1
3256,ZOMBIE_H,Zombie H,Izlude Zombie,177,2720000,1,100000,50000,1,3333,3000,200,100,160,80,200,60,130,50,10,12,1,7,81,0x6203695,100,76,384,288,0,0,0,0,0,0,0,6815,100,19963,100,19964,100,22679,10,22687,10,0,0,0,0,6940,500,674,1000,4688,1
3452,ZOMBIE_GUARD,Zombie Guard,Zombie Guard,189,2400000,1,0,0,1,18000,8000,800,400,340,200,400,100,400,120,10,12,1,6,83,0x6203695,100,76,384,288,0,0,0,0,0,0,0,0,0,0,0,0,0,0,0,0,0,0,0,0,0,0,0,674,1000,6940,500
3029,GRIM_REAPER_ANKOU,Emissary of Death,Emissary of Death,159,50000000,1553,300000,330000,1,1500,1000,200,70,200,100,200,200,220,100,10,12,2,1,89,0x6200085,200,900,864,480,65535,6940,10000,674,10000,674,10000,607,500,603,200,604,200,22537,10000,0,0,522,200,6940,10000,674,10000,20004,100,6940,5000
2993,XM_HYLOZOIST,Children of Izlude,Children of Izlude,187,10800000,1,3000000,3000000,1,4000,12000,220,800,220,160,120,400,420,100,10,12,1,7,88,0x6283695,100,576,384,288,0,0,0,0,0,0,0,20748,3000,20748,500,20748,500,0,0,0,0,0,0,0,0,6940,500,674,1000,4678,1

// Lighthalzen Biolab F4
2221,RANDEL,Randel,Randel,141,478745,0,32367,24055,1,3055,4277,180,56,142,69,86,49,132,55,10,12,1,7,66,0x3095,170,76,384,288,0,0,0,0,0,0,0,0,0,0,0,0,0,0,0,0,0,0,0,0,0,0,0,0,0,0,0
2222,FLAMEL,Flamel,Flamel,200,1602900,0,0,0,2,75000,75000,12,75,180,180,180,180,180,180,10,12,1,6,67,0x6283695,200,637,1008,360,0,0,0,0,0,0,0,0,0,0,0,0,0,0,0,0,0,0,0,0,0,0,0,0,0,0,0
2223,CELIA,Celia,Celia,141,253145,0,22107,19017,1,1612,2256,74,312,108,78,55,144,139,49,10,12,1,7,60,0x3295,150,1152,384,288,0,0,0,0,0,0,0,0,0,0,0,0,0,0,0,0,0,0,0,0,0,0,0,0,0,0,0
2224,CHEN,Chen,Chen,141,218721,2000,25684,19810,1,2501,3501,125,56,126,74,71,123,99,65,10,12,1,6,81,0x3295,180,1152,384,288,0,0,0,0,0,0,0,0,0,0,0,0,0,0,0,0,0,0,0,0,0,0,0,0,0,0,0
2225,GERTIE,Gertie,Gertie,141,266926,0,24267,20233,1,3684,5157,108,10,145,87,59,67,127,76,10,12,1,6,85,0x2003095,180,76,384,288,0,0,0,0,0,0,0,0,0,0,0,0,0,0,0,0,0,0,0,0,0,0,0,0,0,0,0
2226,ALPHOCCIO,Alphoccio,Alphoccio,142,256202,0,22192,20322,1,1273,1782,84,15,121,126,67,80,165,42,10,12,1,7,64,0x3095,180,76,384,288,0,0,0,0,0,0,0,0,0,0,0,0,0,0,0,0,0,0,0,0,0,0,0,0,0,0,0
2227,TRENTINI,Trentini,Trentini,142,204962,0,15995,13248,1,1070,1498,70,12,121,126,67,80,165,42,10,12,1,7,64,0x3095,180,76,384,288,0,0,0,0,0,0,0,0,0,0,0,0,0,0,0,0,0,0,0,0,0,0,0,0,0,0,0
//2228,G_RANDEL,Paladin Randel,Paladin Randel,160,3870000,0,18000,10000,1,3055,4277,667,151,303,165,181,110,178,66,10,12,1,7,86,0x6203695,100,76,384,288,0,0,0,0,0,0,0,6224,100,617,10,0,0,0,0,0,0,0,0,0,0,0,0,0,0,0,0
2229,G_FLAMEL,Creator Flamel,Creator Flamel,160,2230000,0,18000,10000,1,1074,1503,253,133,275,148,156,72,177,60,10,12,1,7,83,0x6203695,100,76,384,288,0,0,0,0,0,0,0,0,0,0,0,0,0,0,0,0,0,0,0,0,0,0,0,0,0,0,0
2230,G_CELIA,Professor Celia,Professor Celia,160,1847804,0,18000,10000,1,1612,2256,201,543,165,190,142,236,199,93,10,12,1,7,88,0x6203695,150,1152,384,288,0,0,0,0,0,0,0,0,0,0,0,0,0,0,0,0,0,0,0,0,0,0,0,0,0,0,0
2231,G_CHEN,Champion Chen,Champion Chen,160,2249350,5000,18000,10000,1,2501,3501,216,134,172,150,164,203,155,88,10,12,1,6,81,0x6203695,125,1152,384,288,0,0,0,0,0,0,0,0,0,0,0,0,0,0,0,0,0,0,0,0,0,0,0,0,0,0,0
2232,G_GERTIE,Stalker Gertie,Stalker Gertie,160,2057279,0,18000,10000,1,3684,5157,251,107,211,181,114,83,225,60,10,12,1,6,85,0x6203695,100,76,384,288,0,0,0,0,0,0,0,0,0,0,0,0,0,0,0,0,0,0,0,0,0,0,0,0,0,0,0
2233,G_ALPHOCCIO,Clown Alphoccio,Clown Alphoccio,160,1894278,0,18000,10000,1,1273,1782,201,109,176,258,155,132,309,95,10,12,1,7,84,0x6203695,100,76,384,288,0,0,0,0,0,0,0,6223,100,617,10,0,0,0,0,0,0,0,0,0,0,0,0,0,0,0,0
2234,G_TRENTINI,Gypsy Trentini,Gypsy Trentini,160,1894278,0,18000,10000,1,1070,1498,181,112,176,258,155,132,309,95,10,12,1,7,84,0x6203695,100,76,384,288,0,0,0,0,0,0,0,6224,100,617,10,0,0,0,0,0,0,0,0,0,0,0,0,0,0,0,0
2235,B_RANDEL,Paladin Randel,Paladin Randel,160,6870000,0,4621500,2664000,1,3055,4277,667,151,303,165,181,110,178,66,10,12,1,7,86,0x6283695,100,76,384,288,2310750,617,5500,603,2250,732,450,12623,9000,12616,9000,616,9000,6224,9000,13062,5000,2160,5000,1490,5000,0,0,0,0,4565,1
2236,B_FLAMEL,Creator Flamel,Creator Flamel,160,4230000,0,5223570,2630354,1,1074,1503,253,133,275,148,156,72,177,60,10,12,1,7,83,0x6283695,100,76,384,288,2611785,617,5500,603,2250,732,450,12623,9000,12616,9000,616,9000,6223,9000,1387,5000,1392,5000,1393,5000,0,0,0,0,4563,1
2237,B_CELIA,Professor Celia,Professor Celia,160,3847804,0,5027308,2509792,1,1612,2256,201,543,165,190,142,236,199,93,10,12,1,7,88,0x6283695,150,1152,384,288,2513654,617,5500,603,2250,732,450,12623,9000,12616,9000,616,9000,6224,9000,2854,5000,1584,5000,2582,5000,0,0,0,0,4561,1
2238,B_CHEN,Champion Chen,Champion Chen,160,4249350,5000,5113568,2934974,1,2501,3501,216,134,172,150,164,203,155,88,10,12,1,6,81,0x6283695,125,1152,384,288,2556784,617,5500,603,2250,732,450,12623,9000,12616,9000,616,9000,6223,9000,1285,5000,1813,5000,16017,5000,0,0,0,0,4562,1
2239,B_GERTIE,Stalker Gertie,Stalker Gertie,160,4057279,0,4420698,2691274,1,3684,5157,251,107,211,181,114,83,225,60,10,12,1,6,85,0x6283695,100,76,384,288,2210349,617,5500,603,2250,732,450,12623,9000,12616,9000,616,9000,6224,9000,13069,5000,13070,5000,1291,5000,0,0,0,0,4564,1
2240,B_ALPHOCCIO,Clown Alphoccio,Clown Alphoccio,160,3894278,0,4226036,2468972,1,1273,1782,201,109,176,258,155,132,309,95,10,12,1,7,84,0x6283695,100,76,384,288,2113018,617,5500,603,2250,732,450,12623,9000,12616,9000,616,9000,6223,9000,18103,5000,1290,5000,1913,5000,0,0,0,0,4560,1
2241,B_TRENTINI,Gypsy Trentini,Gypsy Trentini,160,3894278,0,4463758,2563096,1,1070,1498,181,112,176,258,155,132,309,95,10,12,1,7,84,0x6283695,100,76,384,288,2231879,0,0,0,0,0,0,12623,9000,12616,9000,616,9000,6224,9000,18103,5000,18110,5000,1963,5000,0,0,0,0,4566,1
2242,MD_DESERT_WOLF,Desert Wolf,Desert Wolf,135,551578,0,0,0,1,1040,1158,151,39,93,69,63,61,82,42,10,12,1,6,20,0x6203695,200,1120,420,288,0,0,0,0,0,0,0,0,0,0,0,0,0,0,0,0,0,0,0,0,0,0,0,0,0,0,0
2243,MD_DESERT_WOLF_B,Desert Wolf,Desert Wolf,130,274531,0,0,0,1,66,82,13,0,10,12,8,5,17,7,10,12,0,6,20,0x6203695,300,1600,900,240,0,0,0,0,0,0,0,0,0,0,0,0,0,0,0,0,0,0,0,0,0,0,0,0,0,0,0
2244,QUEST_CHEN,Champion Chen,Dark Martial Arts Master,130,300,1,0,0,1,103,126,25,56,122,81,83,130,201,61,10,12,1,7,81,0x6203695,300,200,768,288,0,0,0,0,0,0,0,0,0,0,0,0,0,0,0,0,0,0,0,0,0,0,0,0,0,0,0
2245,EXP_TEST,Exp Test,Experience Test,1,100,1,100,100,1,8,9,2,5,6,1,1,0,6,5,10,12,1,7,21,0x83,400,1000,480,288,0,0,0,0,0,0,0,0,0,0,0,0,0,0,0,0,0,0,0,0,0,0,0,0,0,0,0
2246,Q_WOOTAN_FIGHTER,Wootan Fighter,Wootan Fighter,95,9000,1,1400,2000,1,255,291,103,8,63,14,36,5,62,15,10,12,1,7,43,0x83,200,912,1344,480,0,0,0,0,0,0,0,0,0,0,0,0,0,0,0,0,0,0,0,0,0,0,0,0,0,0,0
2247,Q_INCREASE_SOIL,Increase Soil,Mi Gao,95,20000,1,1400,2000,1,365,395,112,39,67,23,41,49,94,30,10,12,1,0,62,0x83,445,106,1056,576,0,0,0,0,0,0,0,0,0,0,0,0,0,0,0,0,0,0,0,0,0,0,0,0,0,0,0
2476,MG_AMDARAIS,Amdarias,Amdarias,150,42900000,1,2291324,2197024,3,5290,3900,30,40,255,200,200,200,200,200,10,12,2,1,89,0x6283695,120,312,1200,432,65535,0,0,0,0,0,0,616,5000,617,10000,6607,5000,607,10000,1186,1000,1004,10000,40420,50,39123,10000,39119,1,4601,1

// Eclage (14.2)
2363,MENBLATT,Menblatt,Menblatt,143,82200,1,4150,3421,3,816,201,79,50,70,68,40,55,108,30,10,12,1,4,44,0x2003695,145,472,1056,480,0,0,0,0,0,0,0,6557,4000,7168,2000,7163,4608,0,0,0,0,0,0,0,0,0,0,0,0,4593,1
2364,PETAL,Petal,Petal,141,81031,1,4058,3361,1,671,173,73,33,70,82,55,45,108,25,10,12,1,2,24,0x2003695,200,1500,768,480,0,0,0,0,0,0,0,6558,4000,12346,2000,1026,2000,6089,500,0,0,0,0,0,0,0,0,0,0,4594,1
//2365,CENERE,Cenere,Cenere,146,130131,1,7117,5712,1,1802,1031,87,81,67,39,30,35,95,45,10,12,0,3,24,0x2003695,300,1500,720,360,0,0,0,0,0,0,0,6561,4000,7322,1000,7001,3000,7320,2000,0,0,0,0,0,0,0,0,0,0,4595,1
2366,ANTIQUE_BOOK,Antique Book,Antique Book,148,134615,1,7225,5870,1,1861,1213,74,42,67,53,32,44,125,5,10,12,0,0,60,0x2003695,150,864,960,480,0,0,0,0,0,0,0,6560,4000,7015,2000,1097,2000,0,0,0,0,0,0,0,0,0,0,0,0,4596,1
2367,LICHTERN_B,Blue Lichtern,Lichtern,149,131211,1,7187,5701,1,1513,1410,76,41,124,74,60,55,92,50,10,12,0,0,81,0x2003695,150,480,1728,480,0,0,0,0,0,0,0,1000,2000,1001,2000,995,40,12812,10,0,0,0,0,0,0,0,0,0,0,4597,1
2368,LICHTERN_Y,Yellow Lichtern,Lichtern,147,131513,1,7071,5810,1,1416,1561,84,51,141,94,75,91,144,50,10,12,0,0,88,0x2003695,150,0,3456,480,0,0,0,0,0,0,0,1000,2000,1001,2000,997,40,12815,10,0,0,0,0,0,0,0,0,0,0,4600,1
2369,LICHTERN_R,Red Lichtern,Lichtern,149,135718,1,7201,6013,1,1647,1449,111,53,147,77,66,65,133,50,10,12,0,0,83,0x2003695,150,0,4032,480,0,0,0,0,0,0,0,1000,2000,1001,2000,994,40,12813,10,0,0,0,0,0,0,0,0,0,0,4599,1
2370,LICHTERN_G,Green Lichtern,Lichtern,151,133451,1,7214,5710,1,1547,1594,120,57,121,60,58,62,102,50,10,12,0,0,82,0x2003695,100,0,2304,480,0,0,0,0,0,0,0,1000,2000,1001,2000,996,40,12814,10,0,0,0,0,0,0,0,0,0,0,4598,1
2371,FAITHFUL_MANAGER,Faithful Manager,Faithful Manager,155,151548,1,8676,6501,3,2091,1607,204,141,80,28,40,25,88,45,10,12,2,0,80,0x2003695,200,480,1536,480,0,0,0,0,0,0,0,6559,4000,12353,2000,970,50,971,50,0,0,0,0,0,0,0,0,0,0,4607,1
2002,T_SPRING_RABBIT,Talisman Ghost,Talisman Ghost,50,8000,0,3584,1589,1,585,228,47,21,45,61,5,15,77,90,10,12,1,2,42,0x83,160,1120,552,0,0,0,0,0,0,0,0,12188,1000,6061,500,6068,1500,0,0,0,0,0,0,0,0,0,0,0,0,0,0
2528,FACEWORM,Faceworm,Faceworm,140,482427,1,38800,3960,2,1818,1616,50,30,100,50,100,100,100,50,10,12,2,4,25,0x2000085,200,384,720,480,0,0,0,0,0,0,0,971,100,22507,100,0,0,0,0,0,0,0,0,13089,10,7326,1000,972,100,27163,1
2529,FACEWORM_QUEEN,Faceworm Queen,Faceworm Queen,155,50000000,1,200000,200000,2,4024,4006,100,60,200,100,200,200,200,100,10,12,2,4,85,0x6283695,200,768,540,480,90909,0,0,617,2500,12246,2500,607,1000,0,0,0,0,0,0,0,0,13090,100,0,0,6649,5000,0,0,27164,1
2530,FACEWORM_DARK,Faceworm Dark,Dark Faceworm,144,5000000,1,100000,80000,2,2012,2003,100,30,150,100,150,150,150,100,10,12,2,4,45,0x6283695,180,576,480,480,0,0,0,0,0,0,0,13089,10,22507,100,0,0,0,0,0,0,0,0,0,0,0,0,0,0,27165,1
2531,VENOM_BUG,Venom Bug,Venom Bug,140,10000,1,0,0,1,340,0,200,100,200,200,200,200,200,200,12,12,0,4,25,0x2200084,2000,384,0,480,0,0,0,0,0,0,0,938,5000,0,0,0,0,0,0,0,0,0,0,0,0,0,0,7326,1000,0,0
2532,FACEWORM_QUEEN_R,Faceworm Queen (Red),Red Faceworm Queen,155,50000000,1,200000,200000,2,12000,15000,400,400,500,100,200,200,200,100,10,12,2,4,23,0x6283695,200,768,540,480,90909,12246,2500,617,2500,0,0,994,5000,0,0,0,0,0,0,0,0,13090,100,0,0,6649,5000,0,0,0,0
2533,FACEWORM_QUEEN_G,Faceworm Queen (Green),Green Faceworm Queen,155,50000000,1,200000,200000,2,5000,5000,500,60,200,100,400,200,200,100,10,12,2,4,22,0x6283695,200,768,540,480,90909,617,2500,12246,2500,0,0,6649,5000,13090,100,997,5000,0,0,0,0,0,0,0,0,0,0,0,0,0,0
2534,FACEWORM_QUEEN_B,Faceworm Queen (Blue),Blue Faceworm Queen,155,50000000,1,200000,200000,2,5000,10000,100,400,200,100,200,400,200,100,10,12,2,4,21,0x6283695,200,768,540,480,90909,617,2500,12246,2500,0,0,6649,5000,13090,100,995,5000,0,0,0,0,0,0,0,0,0,0,0,0,0,0
2535,FACEWORM_QUEEN_Y,Faceworm Queen (Yellow),Yellow Faceworm Queen,155,50000000,1,200000,200000,2,5000,5000,100,60,200,400,200,200,200,100,10,12,2,4,24,0x6283695,200,768,540,480,90909,617,2500,12246,2500,0,0,6649,5000,13090,100,996,5000,0,0,0,0,0,0,0,0,0,0,0,0,0,0
2874,C2_CENERE,Solid Cenere,Solid Cenere,146,1301310,1,35585,102810,1,2162,1031,87,81,67,39,30,35,95,45,10,12,0,3,24,0x2003695,300,1500,720,360,0,0,0,0,0,0,0,6561,2000,7322,500,7001,1500,7320,1000,0,0,0,0,0,0,0,0,0,0,4595,1
2092,DOLOMEDES,Dolomedes,Dolomedes,132,54591,1,5155,5155,3,1016,286,112,52,149,34,82,55,95,67,10,12,2,4,61,0x2003885,250,360,360,600,0,0,0,0,0,0,0,6319,3000,6325,5000,6090,500,2789,2,12738,10,6224,500,1984,2,0,0,0,0,4506,1
3091,MM_BRINARANEA,Brinaranea,Brinaranea,165,81650000,1,0,0,3,8255,197,264,177,135,135,12,72,220,91,10,12,2,6,61,0x6280000,200,1020,500,768,0,0,0,0,0,0,0,0,0,0,0,0,0,0,0,0,0,0,0,0,0,0,0,0,0,0,0
2131,LOST_DRAGON,Lost Dragon,Lost Dragon,135,608920,0,30000,30000,3,1975,530,60,51,140,81,69,122,98,61,10,12,2,9,67,0x83695,150,840,648,576,15000,617,2500,616,5000,0,0,2610,1000,13062,1000,607,1000,608,500,610,500,1985,500,2854,300,0,0,0,0,0,0

//GeffenTournament
// ID,Sprite_Name,kROName,iROName,LV,HP,SP,EXP,JEXP,Range1,ATK1,ATK2,DEF,MDEF,STR,AGI,VIT,INT,DEX,LUK,Range2,Range3,Scale,Race,Element,Mode,Speed,aDelay,aMotion,dMotion,MEXP,MVP1id,MVP1per,MVP2id,MVP2per,MVP3id,MVP3per,Drop1id,Drop1per,Drop2id,Drop2per,Drop3id,Drop3per,Drop4id,Drop4per,Drop5id,Drop5per,Drop6id,Drop6per,Drop7id,Drop7per,Drop8id,Drop8per,Drop9id,Drop9per,DropCardid,DropCardper
2549,GEFFEN_MAGE_1,Arhi,Arhi,90,100000,1,8900,4550,1,237,237,64,38,175,175,175,175,175,175,10,12,1,7,20,0x85,200,1000,864,480,0,0,0,0,0,0,0,0,0,0,0,0,0,0,0,0,0,0,0,0,0,0,0,0,0,27249,1
2550,GEFFEN_MAGE_2,Dio Anemos,Dio Anemos,95,200000,1,9440,4430,1,429,429,129,18,175,175,175,175,175,175,10,12,1,7,20,0x85,200,900,672,480,0,0,0,0,0,0,0,1095,10000,0,0,0,0,0,0,0,0,0,0,0,0,0,0,0,0,27250,1
2551,GEFFEN_MAGE_3_1,Geffen Shoplifter,Geffen Shoplifter,150,300000,1,9780,3665,1,385,385,93,36,175,175,175,175,175,175,10,12,1,7,20,0x85,200,800,672,480,0,0,0,0,0,0,0,0,0,0,0,0,0,0,0,0,0,0,0,0,0,0,0,0,0,27253,1
2552,GEFFEN_MAGE_3_2,Geffen Bully,Geffen Bully,150,300000,1,9780,3665,1,385,385,93,36,175,175,175,175,175,175,10,12,1,7,20,0x85,200,900,672,480,0,0,0,0,0,0,0,0,0,0,0,0,0,0,0,0,0,0,0,0,0,0,0,0,0,27252,1
2553,GEFFEN_MAGE_3_3,Geffen Gang Member,Geffen Gang Member,150,300000,1,9780,3665,1,385,385,93,36,175,175,175,175,175,175,10,12,1,7,20,0x85,200,950,864,480,0,0,0,0,0,0,0,0,0,0,0,0,0,0,0,0,0,0,0,0,0,0,0,0,0,27251,1
2554,GEFFEN_MAGE_4,Faymont,Faymont,150,400000,1,11660,4370,1,390,390,114,21,200,200,200,200,200,200,10,12,1,7,20,0x85,200,672,648,480,0,0,0,0,0,0,0,0,0,0,0,0,0,0,0,0,0,0,0,0,0,0,0,0,0,27254,1
2555,GEFFEN_MAGE_5,Ordre,Ordre,170,600000,1,15610,4861,1,630,630,107,21,200,200,200,200,200,200,10,12,1,7,20,0x85,200,768,672,480,0,0,0,0,0,0,0,0,0,0,0,0,0,0,0,0,0,0,0,0,0,0,0,0,0,27255,1
2556,GEFFEN_MAGE_6,Blut Hase,Blut Hase,170,1000000,1,20560,10010,1,301,301,66,47,200,200,200,200,200,200,10,12,1,7,48,0x85,200,800,768,480,0,0,0,0,0,0,0,0,0,0,0,0,0,0,0,0,0,0,0,0,0,0,0,0,0,27256,1
2557,GEFFEN_MAGE_7,Kuro Akuma,Kuro Akuma,200,1200000,1,26100,12030,1,664,664,135,10,200,200,200,200,200,200,10,12,1,7,20,0x85,200,1000,864,480,0,0,0,0,0,0,0,0,0,0,0,0,0,0,0,0,0,0,0,0,0,0,0,0,0,27257,1
2558,GEFFEN_MAGE_8,Ifodes,Ifodes,210,1400000,1,46150,18900,1,483,483,120,60,200,200,200,200,200,200,10,12,1,7,20,0x85,200,800,768,480,0,0,0,0,0,0,0,0,0,0,0,0,0,0,0,0,0,0,0,0,0,0,0,0,0,27258,1
2559,GEFFEN_MAGE_9,Licheniyes,Licheniyes,220,1600000,1,52060,24105,1,711,711,140,57,220,220,220,220,220,220,10,12,1,7,20,0x85,200,864,768,480,0,0,0,0,0,0,0,0,0,0,0,0,0,0,0,0,0,0,0,0,0,0,0,0,0,27259,1
2560,GEFFEN_MAGE_10,Odoric,Odoric,230,2000000,1,60027,40237,1,750,750,165,62,220,220,220,220,220,220,10,12,1,7,20,0x85,200,800,672,480,0,0,0,0,0,0,0,0,0,0,0,0,0,0,0,0,0,0,0,0,0,0,0,0,0,27260,1
2561,GEFFEN_MAGE_11,Ju,Ju,230,5000000,1,75335,52130,1,1050,1050,170,65,220,220,220,220,220,220,10,12,1,7,20,0x85,200,800,672,480,0,0,0,0,0,0,0,0,0,0,0,0,0,0,0,0,0,0,0,0,0,0,0,0,0,27261,1
2562,GEFFEN_MAGE_12,Dwigh,Dwigh,30,7000000,1,151317,123000,1,1500,1500,175,65,220,220,220,220,220,220,10,12,1,7,48,0x6200085,200,800,768,480,0,0,0,0,0,0,0,0,0,0,0,0,0,0,0,0,0,0,0,0,0,0,0,0,0,27262,1
2563,FEI_KANABIAN,Fei Kanabian,Fay Kanavian,250,8000000,1,157975,110571,1,1875,1875,175,65,235,235,235,235,235,235,10,12,1,7,48,0x6200085,200,720,672,480,0,0,0,0,0,0,0,0,0,0,0,0,0,0,0,0,0,0,0,0,0,40420,50,0,0,27263,1
2564,GEFFEN_FENRIR,Geffen Fenrir,Fenrir,255,20000000,1,323300,300000,1,2250,2250,200,70,250,250,250,250,250,250,10,12,1,7,48,0x6200085,200,900,864,480,0,0,0,0,0,0,0,22511,100,22511,100,22511,100,22511,100,22511,100,22511,100,0,0,40420,50,0,0,4556,1
2565,ALPHONSE,Alphonse,Alphonse,230,1000000,1,0,0,1,500,500,100,20,100,100,50,50,170,100,10,12,1,7,42,0x85,200,1400,816,396,0,0,0,0,0,0,0,0,0,0,0,0,0,0,0,0,0,0,0,0,0,0,0,0,0,0,0
2566,ALPHONSE_JR,Alphonse Jr,Alphonse Jr,230,100000,1,0,0,1,250,200,80,20,100,100,50,50,170,100,10,12,1,7,62,0x85,200,936,792,432,0,0,0,0,0,0,0,0,0,0,0,0,0,0,0,0,0,0,0,0,0,0,0,0,0,0,0
2567,E_GEFFEN_MAGE_3_2,Geffen Bully,Geffen Bully,100,10000,1,212,227,1,89,22,70,7,41,14,15,0,100,5,10,12,1,7,20,0x85,200,900,672,480,0,0,0,0,0,0,0,0,0,0,0,0,0,0,0,0,0,0,0,0,0,0,0,0,0,0,0
2568,E_GEFFEN_MAGE_3_3,Geffen Gang Member,Geffen Gang Member,100,10000,1,212,227,1,89,22,70,7,41,14,15,0,100,5,10,12,1,7,20,0x85,200,950,864,480,0,0,0,0,0,0,0,0,0,0,0,0,0,0,0,0,0,0,0,0,0,0,0,0,0,0,0

//Airship Assault
3175,E1_ROTAR_ZAIRO,Rotar Zairo,Rotar Zairo,200,15900000,1,190,220,10,90000,85000,95,34,200,200,200,200,200,200,10,12,2,0,44,0x6283695,155,2416,2016,432,0,0,0,0,0,0,0,22046,50,7126,250,2312,1,0,0,39122,100,601,500,912,200,910,200,39104,100,39101,1
3176,E1_GREMLIN,Gremlin,Gremlin,200,20310003,1,2008,1390,1,90000,85000,76,25,200,200,200,200,200,200,10,12,2,6,47,0x6283695,140,432,540,432,0,0,0,0,0,0,0,20743,50,7340,500,938,500,719,50,603,1,0,0,0,0,39122,100,39105,100,0,0
3177,E1_BEHOLDER,Beholder,Beholder,200,20310003,1,2008,1390,1,90000,85000,76,25,200,200,200,200,200,200,10,12,2,6,47,0x6283695,140,432,540,432,0,0,0,0,0,0,0,22046,50,576,500,605,50,996,50,985,1,603,1,39100,500,39122,100,0,0,0,0
3178,E1_ACIDUS,Acidus,Acidus,200,48430000,1,3088,2391,2,90000,85000,101,90,200,200,200,200,200,200,10,12,2,9,47,0x6283695,170,168,1008,300,0,0,0,0,0,0,0,15116,50,7938,100,1035,500,7448,200,0,0,0,0,0,0,39122,100,39103,500,39126,1
3179,E1_ACIDUS_,Acidus,Acidus,200,40700018,1,2938,2031,2,90000,85000,98,47,200,200,200,200,200,200,10,12,2,9,44,0x6283695,180,168,768,360,0,0,0,0,0,0,0,20743,50,1035,500,1036,500,7446,200,0,0,0,0,0,0,39122,100,39102,500,39126,1
3180,E1_G_S_NYDHOG,Wyvern,Wyvern,225,65000000,1,0,0,2,115000,115000,60,60,235,235,235,235,235,235,10,12,2,9,87,0x6283695,150,1596,1620,864,65000,542,9000,543,9000,0,0,20256,5000,20257,100,2633,1,2792,1,0,0,15116,100,39122,7500,39107,500,39106,500,27181,1
3181,E1_FELOCK,Invader-level DRAKE,Invader-level DRAKE,255,30000000,1,3088,2391,10,100000,100000,101,90,220,220,220,220,220,220,10,12,2,9,47,0x6283695,170,168,1008,300,0,0,0,0,0,0,0,15117,1000,20744,1000,22047,1000,0,0,0,0,0,0,0,0,39122,10000,39128,1,27182,1

//Server Room
// ID,Sprite_Name,kROName,iROName,LV,HP,SP,EXP,JEXP,Range1,ATK1,ATK2,DEF,MDEF,STR,AGI,VIT,INT,DEX,LUK,Range2,Range3,Scale,Race,Element,Mode,Speed,aDelay,aMotion,dMotion,MEXP,MVP1id,MVP1per,MVP2id,MVP2per,MVP3id,MVP3per,Drop1id,Drop1per,Drop2id,Drop2per,Drop3id,Drop3per,Drop4id,Drop4per,Drop5id,Drop5per,Drop6id,Drop6per,Drop7id,Drop7per,Drop8id,Drop8per,Drop9id,Drop9per,DropCardid,DropCardper
3384,BLOODRING,Server Poring,Server Poring,200,5000000,1,27,20,1,80000,90000,20,50,200,200,200,200,200,200,10,12,1,3,21,0x6283695,400,1872,672,480,0,0,0,0,0,0,0,909,7000,1202,100,938,400,512,1000,713,1500,512,150,619,20,0,0,0,0,4001,1
3385,MIN_LUNATIC,Server Lunatic,Server Lunatic,200,5000000,1,27,20,1,80000,90000,20,50,200,200,200,200,200,200,10,12,0,2,60,0x6283695,200,1456,456,336,0,0,0,0,0,0,0,705,6500,949,1000,2262,4,0,0,601,500,515,1100,622,20,0,0,0,0,4006,1
3386,MIN_FABRE,Server Fabre,Server Fabre,200,5000000,1,27,20,1,80000,90000,20,50,200,200,200,200,200,200,10,12,0,4,22,0x6283695,400,1672,672,480,0,0,0,0,0,0,0,914,6500,949,500,1502,80,721,5,511,700,705,1000,1501,200,0,0,0,0,4002,1
3387,MIN_PICKY,Server Picky,Server Picky,200,5000000,1,27,20,1,80000,90000,20,50,200,200,200,200,200,200,10,12,0,2,23,0x6283695,200,988,288,168,0,0,0,0,0,0,0,916,9000,949,700,2302,150,507,550,519,300,715,50,0,0,0,0,0,0,4008,1
3388,MIN_CONDOR,Server Condor,Server Condor,200,5000000,1,27,20,1,80000,90000,20,50,200,200,200,200,200,200,10,12,1,2,24,0x6283695,150,1148,648,480,0,0,0,0,0,0,0,917,9000,1702,150,715,80,1750,5500,517,400,916,2000,582,600,0,0,0,0,4015,1
3389,MIN_WILOW,Server Willow,Server Willow,200,5000000,1,27,20,1,80000,90000,20,50,200,200,200,200,200,200,10,12,1,3,22,0x6283695,200,1672,672,432,0,0,0,0,0,0,0,902,9000,1019,100,907,1500,516,700,1068,3500,1067,2000,1066,1000,0,0,0,0,4010,1
3390,MIN_SPORE,Server Spore,Server Spore,200,5000000,1,27,20,1,80000,90000,20,50,200,200,200,200,200,200,10,12,1,3,21,0x6283695,200,1872,672,288,0,0,0,0,0,0,0,921,9000,507,800,510,50,743,10,2220,40,7033,5,578,600,0,0,0,0,4022,1
3391,MIN_POPORING,Server Poporing,Server Poporing,200,5000000,1,27,20,1,80000,90000,20,50,200,200,200,200,200,200,10,12,1,3,25,0x6283695,300,1672,672,480,0,0,0,0,0,0,0,938,5500,910,1500,511,500,514,200,512,5,1207,5,512,250,0,0,0,0,4033,1
3392,MIN_SMOKIE,Server Smokie,Server Smokie,200,5000000,1,27,20,1,80000,90000,20,50,200,200,200,200,200,200,10,12,0,2,22,0x6283695,200,1576,576,420,0,0,0,0,0,0,0,945,5500,919,5500,516,800,2213,1,754,2,912,5,729,2,0,0,0,0,4044,1
3393,MIN_DOKEBI,Server Dokebi,Server Dokebi,200,5000000,1,27,20,1,80000,90000,20,50,200,200,200,200,200,200,10,12,0,6,27,0x6283695,250,1156,456,384,0,0,0,0,0,0,0,1021,9000,757,150,1517,2,1613,1,969,1,1501,300,1005,5,0,0,0,0,4098,1
3394,MIN_BIGFOOT,Server Tiger,Server Tiger,200,5000000,1,27,20,1,80000,90000,20,50,200,200,200,200,200,200,10,12,2,2,22,0x6283695,300,1260,192,192,0,0,0,0,0,0,0,1030,9000,2289,5,1029,5000,740,80,516,1500,518,450,756,43,0,0,0,0,4123,1
3395,MIN_WORM_TAIL,Server WormTail,Server WormTail,200,5000000,1,27,20,1,80000,90000,20,50,200,200,200,200,200,200,10,12,1,3,22,0x6283695,200,1048,48,192,0,0,0,0,0,0,0,993,60,1011,25,906,5500,1408,30,508,70,721,5,10015,100,0,0,0,0,4034,1
3396,MIN_WOLF,Server Wolf,Server Wolf,200,5000000,1,27,20,1,80000,90000,20,50,200,200,200,200,200,200,10,12,1,2,22,0x6283695,200,1054,504,432,0,0,0,0,0,0,0,1011,20,920,9000,2308,10,517,650,528,1050,919,5500,578,600,0,0,0,0,4029,1
3397,MIN_SNAKE,Server Boa,Server Boa,200,5000000,1,27,20,1,80000,90000,20,50,200,200,200,200,200,200,10,12,1,2,22,0x6283695,200,1576,576,576,0,0,0,0,0,0,0,926,9000,1117,15,507,900,1011,35,937,800,954,1,578,600,0,0,0,0,4037,1
3398,MIN_ANACONDAQ,Server Anacondaq,Server Anacondaq,200,5000000,1,27,20,1,80000,90000,20,50,200,200,200,200,200,200,10,12,1,2,25,0x6283695,200,1576,576,576,0,0,0,0,0,0,0,6247,200,937,9000,0,0,926,1500,936,200,508,150,756,50,0,0,0,0,4062,1
3399,MIN_MARIN,Server Marin,Server Marin,200,5000000,1,27,20,1,80000,90000,20,50,200,200,200,200,200,200,10,12,1,3,41,0x6283695,400,1872,672,480,0,0,0,0,0,0,0,910,3200,938,1500,700,100,720,40,510,75,529,350,5035,1,0,0,0,0,4196,1
3400,MIN_MUKA,Server Muka,Server Muka,200,5000000,1,27,20,1,80000,90000,20,50,200,200,200,200,200,200,10,12,2,3,22,0x6283695,300,1960,960,384,0,0,0,0,0,0,0,993,70,952,9000,713,2000,511,400,507,1000,1451,50,1002,250,0,0,0,0,4036,1
3401,MIN_PECOPECO,Server Peco,Server Peco,200,5000000,1,27,20,1,80000,90000,20,50,200,200,200,200,200,200,10,12,2,2,23,0x6283695,200,1564,864,576,0,0,0,0,0,0,0,925,9000,2402,20,508,200,507,900,1604,100,0,0,582,1000,0,0,0,0,4031,1
3402,MIN_DENIRO,Server Deniro,Server Deniro,200,5000000,1,27,20,1,80000,90000,20,50,200,200,200,200,200,200,10,12,0,4,22,0x6283695,150,1288,288,576,0,0,0,0,0,0,0,955,9000,910,3000,938,1200,990,50,1001,8,1002,450,757,34,0,0,0,0,4043,1
3403,MIN_PIERE,Server Piere,Server Piere,200,5000000,1,27,20,1,80000,90000,20,50,200,200,200,200,200,200,10,12,0,4,22,0x6283695,200,1288,288,576,0,0,0,0,0,0,0,955,9000,910,1100,938,600,992,30,1001,5,1002,400,757,31,0,0,0,0,4043,1
3404,MIN_ANDRE,Server Andre,Server Andre,200,5000000,1,27,20,1,80000,90000,20,50,200,200,200,200,200,200,10,12,0,4,22,0x6283695,300,1288,288,384,0,0,0,0,0,0,0,955,9000,910,1000,938,500,993,50,1001,4,1002,350,757,28,0,0,0,0,4043,1
3405,MIN_GOLEM,Server Golem,Server Golem,200,5000000,1,27,20,1,80000,90000,20,50,200,200,200,200,200,200,10,12,2,0,60,0x6283695,300,1608,816,396,0,0,0,0,0,0,0,999,150,953,9000,912,220,757,70,2146,5,715,200,998,350,0,0,0,0,4072,1
3406,MIN_SCORPION,Server Scorpion,Server Scorpion,200,5000000,1,27,20,1,80000,90000,20,50,200,200,200,200,200,200,10,12,0,4,23,0x6283695,200,1564,864,576,0,0,0,0,0,0,0,990,70,904,5500,757,57,943,210,7041,100,508,200,625,20,0,0,0,0,4068,1
3407,MIN_CHONCHON,Server Chonchon,Server Chonchon,200,5000000,1,27,20,1,80000,90000,20,50,200,200,200,200,200,200,10,12,0,4,24,0x6283695,200,1076,576,480,0,0,0,0,0,0,0,998,50,935,6500,909,1500,1205,55,601,100,742,5,1002,150,0,0,0,0,4009,1
3408,MIN_METALLER,Server Metaller,Server Metaller,200,5000000,1,27,20,1,80000,90000,20,50,200,200,200,200,200,200,10,12,1,4,23,0x6283695,200,1708,1008,540,0,0,0,0,0,0,0,990,60,940,6500,911,400,757,49,707,20,935,3000,1914,10,0,0,0,0,4057,1
3409,MIN_SAND_MAN,Server Sandman,Server Sandman,200,5000000,1,27,20,1,80000,90000,20,50,200,200,200,200,200,200,10,12,1,0,62,0x6283695,250,1672,720,288,0,0,0,0,0,0,0,997,35,1056,5335,757,118,7043,350,1001,200,1257,1,1622,5,0,0,0,0,4101,1
3410,MIN_RAGGLER,Server Raggler,Server Raggler,200,5000000,1,27,20,1,80000,90000,20,50,200,200,200,200,200,200,10,12,0,2,24,0x6283695,200,1000,900,384,0,0,0,0,0,0,0,7053,3000,916,5000,645,200,514,200,992,90,2225,7,756,32,0,0,0,0,4186,1
3411,MIN_DRAGON_TAIL,Server Dragon Tail,Server Dragon Tail,200,5000000,1,27,20,1,80000,90000,20,50,200,200,200,200,200,200,10,12,1,4,44,0x6283695,175,862,534,312,0,0,0,0,0,0,0,7064,4413,1096,400,943,800,2207,8,2226,2,601,300,602,150,0,0,0,0,4178,1
3412,MIN_GREEN_IGUANA,Server Green Iguana,Server Green Iguana,200,5000000,1,27,20,1,80000,90000,20,50,200,200,200,200,200,200,10,12,1,2,42,0x6283695,200,1152,1152,480,0,0,0,0,0,0,0,521,1500,903,1000,520,1000,511,1000,528,2000,606,10,6264,500,0,0,0,0,4377,1
3413,MIN_SEE_OTTER,Server Sea Otter,Server Sea Otter,200,5000000,1,27,20,1,80000,90000,20,50,200,200,200,200,200,200,10,12,1,2,61,0x6283695,190,1132,583,532,0,0,0,0,0,0,0,722,150,965,5500,7065,4365,725,50,726,50,746,650,7053,1200,0,0,0,0,4326,1
3414,MIN_GALAPAGO,Server Galapago,Server Galapago,200,5000000,1,27,20,1,80000,90000,20,50,200,200,200,200,200,200,10,12,0,2,22,0x6283695,165,1430,1080,1080,0,0,0,0,0,0,0,7053,5335,6263,500,508,3500,606,100,6264,500,5111,1,582,1000,0,0,0,0,4152,1
3415,MIN_FUR_SEAL,Server Seal,Server Seal,200,5000000,1,27,20,1,80000,90000,20,50,200,200,200,200,200,200,10,12,1,2,21,0x6283695,200,1612,622,583,0,0,0,0,0,0,0,912,4365,510,250,2310,5,7053,1200,1452,1,525,200,746,120,0,0,0,0,4312,1
3416,MIN_ALLIGATOR,Server Alligator,Server Alligator,200,5000000,1,27,20,1,80000,90000,20,50,200,200,200,200,200,200,10,12,1,2,21,0x6283695,200,1100,900,480,0,0,0,0,0,0,0,912,1000,1099,600,7003,2000,608,50,0,0,0,0,756,129,0,0,0,0,4252,1
3417,MIN_MEGALODON,Server Megalodon,Server Megalodon,200,5000000,1,27,20,1,80000,90000,20,50,200,200,200,200,200,200,10,12,1,1,29,0x6283695,200,2492,792,432,0,0,0,0,0,0,0,959,5500,932,1500,510,80,717,120,719,10,603,2,624,20,0,0,0,0,4067,1
3418,MIN_TRI_JOINT,Server Tri Joint,Server Tri Joint,200,5000000,1,27,20,1,80000,90000,20,50,200,200,200,200,200,200,10,12,0,4,22,0x6283695,200,860,660,624,0,0,0,0,0,0,0,7053,100,943,380,606,200,993,160,1001,140,0,0,757,106,0,0,0,0,4308,1
3419,MIN_MEGALITH,Server Megalith,Server Megalith,200,5000000,1,27,20,1,80000,90000,20,50,200,200,200,200,200,200,10,12,2,0,80,0x6283695,200,1332,1332,672,0,0,0,0,0,0,0,912,100,7049,1000,617,1,0,0,0,0,985,61,757,207,0,0,0,0,4200,1
3420,MIN_DRYAD,Server Dryad,Server Dryad,200,5000000,1,27,20,1,80000,90000,20,50,200,200,200,200,200,200,10,12,1,3,82,0x6283695,170,950,2520,576,0,0,0,0,0,0,0,7197,5335,7198,1000,7188,3000,6265,500,1964,1,7939,100,7100,3000,0,0,0,0,4177,1
3421,KINGFROG,King Gama,King Gama,220,60000000,1,162,183,3,110000,110000,70,70,225,225,225,225,225,225,10,12,1,5,21,0x6283695,200,1236,336,432,0,0,0,0,0,0,0,2244,50,518,2000,729,1000,7938,500,970,100,971,100,5125,1000,6905,10000,0,0,4642,1
3422,MIN_VAGABOND_WOLF,Server Vagabond Wolf,Server Vagabond Wolf,220,60000000,1,162,183,3,110000,110000,70,70,225,225,225,225,225,225,10,12,1,2,22,0x6283695,150,1048,648,432,0,0,0,0,0,0,0,2248,200,920,8000,728,1500,1148,100,2521,1000,7938,500,626,50,6905,10000,0,0,4643,1
3423,MIN_VOCAL,Server Vocal,Server Vocal,220,60000000,1,162,183,3,110000,110000,70,70,225,225,225,225,225,225,10,12,1,4,22,0x6283695,200,1080,648,480,0,0,0,0,0,0,0,2247,50,940,8000,721,1000,752,1500,2420,1000,7938,500,1917,10,6905,10000,0,0,4644,1
3424,HAZ_SPPO,Queen Cottontail,Queen Cottontail,220,60000000,1,162,183,3,110000,110000,70,70,225,225,225,225,225,225,10,12,1,2,60,0x6283695,200,1456,456,336,0,0,0,0,0,0,0,2250,200,507,8000,727,1200,7938,500,706,30,622,50,2355,1000,6905,10000,0,0,4645,1
3425,MIN_CHIMERA,Server Chimera,Server Chimera,220,60000000,1,162,183,3,110000,110000,70,70,225,225,225,225,225,225,10,12,2,2,63,0x6283695,200,772,672,360,0,0,0,0,0,0,0,7054,5335,1048,2500,568,1000,1306,1,7295,1500,1364,1,984,160,6905,10000,39118,1,4646,1
3426,KINGTIGER,KING,KING,220,60000000,1,162,183,3,110000,110000,70,70,225,225,225,225,225,225,10,12,2,2,23,0x6283695,300,872,1344,432,99000,1029,5000,1030,1000,994,3000,1133,150,2268,250,518,10000,1258,500,1030,250,985,2300,13046,100,6905,10000,39117,1,4648,1
3427,MIN_OSIRIS,Server Osiris,Server Osiris,220,60000000,1,162,183,3,110000,110000,70,70,225,225,225,225,225,225,10,12,1,1,89,0x6283695,100,1072,672,384,122760,603,4000,608,3000,751,500,617,2000,1232,150,2235,200,1255,600,1009,1000,5053,150,1285,100,6905,10000,39119,1,4647,1
3428,MIN_PHREEONI,Server Phreeoni,Server Phreeoni,220,60000000,1,162,183,3,110000,110000,70,70,225,225,225,225,225,225,10,12,2,2,60,0x6283695,200,1020,1020,288,58000,1008,500,730,1000,1000,4000,1015,9700,1223,500,1236,150,1014,5000,2288,300,985,2900,13047,100,6905,10000,0,0,4649,1
3429,MIN_ORK_HERO,Server Orc Hero,Server Orc Hero,220,60000000,1,162,183,3,110000,110000,70,70,225,225,225,225,225,225,10,12,2,7,42,0x6283695,150,1678,780,648,53460,725,2000,607,1500,999,5000,968,9700,10018,500,1366,150,2106,250,1124,1000,985,4559,1387,100,6905,10000,39116,1,4650,1
3430,AgentYGG,Agent of Yggdrasil,Agent of Yggdrasil,240,85500000,1,900000,720000,2,115000,115000,80,80,235,235,235,235,235,235,10,12,2,6,60,0x6283695,150,1020,288,144,450000,984,6000,617,3000,505,6000,7300,4850,7067,4850,728,1000,2296,400,504,3000,12738,200,2231,5,6905,10000,39115,1,4651,1
//
// Voluspa Prophecy
3752,ILL_ZOMBIE,Ghost,Ghost,15,534,0,50,33,1,67,79,0,10,1,8,7,0,15,0,10,12,1,1,29,0x6283695,400,2612,912,288,0,0,0,0,0,0,0,0,0,0,0,0,0,0,0,0,0,0,0,0,0,0,0,0,0,0,0
3754,ILL_NIGHTMARE,Ghost,Ghost,49,4437,0,1912,1912,1,447,529,0,40,1,74,25,15,64,10,10,12,2,6,68,0x6283695,150,1816,816,432,0,0,0,0,0,0,0,0,0,0,0,0,0,0,0,0,0,0,0,0,0,0,0,0,0,0,0
3762,ILL_SOHEE,Ghost,Ghost,33,5628,0,739,455,1,210,251,0,10,1,33,33,10,58,15,10,12,1,6,21,0x6283695,250,2112,912,576,0,0,0,0,0,0,0,0,0,0,0,0,0,0,0,0,0,0,0,0,0,0,0,0,0,0,0
3765,ill_fury_hero,Avatar of Chivalry,Avatar of Chivalry,200,30000000,1,313200,250560,1,115000,115000,70,50,200,200,200,200,200,200,10,12,2,8,48,0x6203695,190,480,480,288,25000,543,100,674,9000,0,0,7484,1,543,1000,542,10,674,10000,0,0,0,0,0,0,0,0,39123,5000,0,0
2415,L_SEYREN,Knight Seyren,Knight Seyren,98,13260,1,2950,1974,1,827,285,149,10,127,62,77,44,118,49,10,12,1,7,63,0x3885,150,432,400,288,0,0,0,0,0,0,0,7345,5000,7347,2500,1163,100,1164,5,2314,500,2315,5,603,2,0,0,0,0,0,0
2416,L_EREMES,Assassin Eremes,Assassin Eremes,98,9029,1,3150,1484,1,739,153,109,10,130,78,53,60,114,68,10,12,1,7,85,0x3885,160,432,400,288,0,0,0,0,0,0,0,7345,5000,7347,2500,1261,100,1285,5,2337,500,2359,5,603,2,0,0,0,0,0,0
2417,L_HARWORD,Blacksmith Harword,Blacksmith Howard,98,11803,1,2750,1640,1,782,253,117,9,124,71,55,47,73,43,10,12,1,7,81,0x3885,160,432,400,288,0,0,0,0,0,0,0,7345,5000,7347,2500,1361,100,1375,5,2310,500,2318,5,603,2,0,0,0,0,0,0
2418,L_SHECIL,Hunter Shecil,Hunter Cecil,98,8835,1,2750,1668,14,574,223,68,13,108,113,60,72,148,37,10,12,1,7,64,0x3885,160,432,400,288,0,0,0,0,0,0,0,7345,5000,7347,2500,1721,100,1722,5,2330,500,2331,5,603,2,0,0,0,0,0,0
2419,L_KATRINN,Wizard Katrinn,Wizard Kathryne,98,7092,1,2750,1934,1,512,650,69,66,97,70,49,129,125,44,10,12,1,7,68,0x3885,130,864,400,288,0,0,0,0,0,0,0,7345,5000,7347,2500,1619,100,1629,5,2343,500,2372,5,603,2,0,0,0,0,0,0
2420,L_MAGALETA,Prist Magaleta,Priest Margaretha,98,9192,1,2150,1634,1,644,498,97,83,113,66,63,110,89,58,10,12,1,7,66,0x3885,160,864,400,288,0,0,0,0,0,0,0,7345,5000,7347,2500,1522,100,1526,5,2326,500,2373,5,603,2,0,0,0,0,0,0
2421,L_YGNIZEM,Crusader Ygnizem,Crusader Egnigem,98,13440,1,1896,2928,1,852,342,136,8,158,101,94,75,108,74,10,12,1,7,43,0x3885,155,432,400,288,0,0,0,0,0,0,0,7347,5000,7345,2500,1129,100,1145,5,2316,500,2317,5,603,2,0,0,39123,1,0,0
2422,L_WHIKEBAIN,Log Whikebain,Rogue Wickebine,98,11712,1,1740,2454,1,545,216,125,72,125,100,75,46,93,60,10,12,1,7,65,0x3885,130,432,400,288,0,0,0,0,0,0,0,7347,5000,7345,2500,1239,100,1231,5,2335,500,2336,5,603,2,0,0,39123,1,0,0
2423,L_ARMAIA,Alchemist Armaia,Alchemist Armeyer,98,11376,1,1814,3618,1,537,232,130,4,135,64,93,71,105,68,10,12,1,7,62,0x3885,130,432,400,288,0,0,0,0,0,0,0,7347,5000,7345,2500,1304,100,1305,5,2310,500,2318,5,603,2,0,0,39123,1,0,0
2424,L_KAVAC,Bard Kavac,Bard Kavach,98,12637,1,1772,3164,9,605,193,94,52,113,119,68,55,163,52,10,12,1,7,44,0x3885,160,432,400,288,0,0,0,0,0,0,0,7347,5000,7345,2500,1910,100,1913,5,2330,500,2331,5,603,2,0,0,39123,1,0,0
2425,L_DANCER,Dancer Joshepina,Dancer Josephina,98,12637,1,1972,3164,9,605,193,94,52,113,119,68,55,163,52,10,12,1,7,44,0x3885,160,432,400,288,0,0,0,0,0,0,0,7347,5000,7345,2500,1959,100,1963,5,2330,500,2331,5,603,2,0,0,0,0,0,0
2426,L_RAWREL,Sage Rawrel,Sage Laurell,98,9868,1,1880,3840,1,247,648,83,96,73,86,71,134,123,62,10,12,1,7,48,0x3885,160,432,400,288,0,0,0,0,0,0,0,7347,5000,7345,2500,1551,100,1564,5,2343,500,2372,5,603,2,0,0,39123,1,0,0
2427,L_EREND,Monk Erend,Monk Errende,98,11168,1,1810,2000,1,972,483,116,108,84,72,99,115,95,68,10,12,1,7,46,0x3885,140,432,400,288,0,0,0,0,0,0,0,7347,5000,7345,2500,1809,100,1813,5,2326,500,2373,5,603,2,0,0,39123,1,0,0
2428,G_L_SEYREN,Knight Seyren,Knight Seyren,98,13260,1,0,0,1,827,285,149,10,127,62,77,44,118,49,10,12,1,7,63,0x3885,150,432,400,288,0,0,0,0,0,0,0,0,0,0,0,0,0,0,0,0,0,0,0,0,0,0,0,39123,100,0,0
2429,G_L_EREMES,Assassin Eremes,Assassin Eremes,98,9029,1,0,0,1,739,153,109,10,130,78,53,60,114,68,10,12,1,7,85,0x3885,160,432,400,288,0,0,0,0,0,0,0,0,0,0,0,0,0,0,0,0,0,0,0,0,0,0,0,39123,100,0,0
2430,G_L_HARWORD,Blacksmith Harword,Blacksmith Howard,98,11803,1,0,0,1,782,253,117,9,124,71,55,47,73,43,10,12,1,7,81,0x3885,160,432,400,288,0,0,0,0,0,0,0,0,0,0,0,0,0,0,0,0,0,0,0,0,0,0,0,39123,100,0,0
2431,G_L_SHECIL,Hunter Shecil,Hunter Cecil,98,8835,1,0,0,14,574,223,68,13,108,113,60,72,148,37,10,12,1,7,64,0x3885,160,432,400,288,0,0,0,0,0,0,0,0,0,0,0,0,0,0,0,0,0,0,0,0,0,0,0,39123,100,0,0
2432,G_L_KATRINN,Wizard Katrinn,Wizard Kathryne,98,7092,1,0,0,1,512,650,69,66,97,70,49,129,125,44,10,12,1,7,68,0x3885,130,864,400,288,0,0,0,0,0,0,0,0,0,0,0,0,0,0,0,0,0,0,0,0,0,0,0,39123,100,0,0
2433,G_L_MAGALETA,Prist Magaleta,Priest Margaretha,98,9192,1,0,0,1,644,498,97,83,113,66,63,110,89,58,10,12,1,7,66,0x3885,160,864,400,288,0,0,0,0,0,0,0,0,0,0,0,0,0,0,0,0,0,0,0,0,0,0,0,39123,100,0,0
2434,G_L_YGNIZEM,Crusader Ygnizem,Crusader Egnigem,98,13440,1,0,0,1,852,342,136,8,158,101,94,75,108,74,10,12,1,7,43,0x3885,155,432,400,288,0,0,0,0,0,0,0,0,0,0,0,0,0,0,0,0,0,0,0,0,0,0,0,0,0,0,0
2435,G_L_WHIKEBAIN,Log Whikebain,Rogue Wickebine,98,11712,1,0,0,1,545,216,125,72,125,100,75,46,93,60,10,12,1,7,65,0x3885,130,432,400,288,0,0,0,0,0,0,0,0,0,0,0,0,0,0,0,0,0,0,0,0,0,0,0,0,0,0,0
2436,G_L_ARMAIA,Alchemist Armaia,Alchemist Armeyer,98,11376,1,0,0,1,537,232,130,4,135,64,93,71,105,68,10,12,1,7,62,0x3885,130,432,400,288,0,0,0,0,0,0,0,0,0,0,0,0,0,0,0,0,0,0,0,0,0,0,0,0,0,0,0
2437,G_L_KAVAC,Bard Kavac,Bard Kavach,98,12637,1,0,0,9,605,193,94,52,113,119,68,55,163,52,10,12,1,7,44,0x3885,160,432,400,288,0,0,0,0,0,0,0,0,0,0,0,0,0,0,0,0,0,0,0,0,0,0,0,0,0,0,0
2438,G_L_DANCER,Dancer Joshepina,Dancer Josephina,98,12637,1,0,0,9,605,193,94,52,113,119,68,55,163,52,10,12,1,7,44,0x3885,160,432,400,288,0,0,0,0,0,0,0,0,0,0,0,0,0,0,0,0,0,0,0,0,0,0,0,0,0,0,0
2439,G_L_RAWREL,Sage Rawrel,Sage Laurell,98,9868,1,0,0,1,247,648,83,96,73,86,71,134,123,62,10,12,1,7,48,0x3885,160,432,400,288,0,0,0,0,0,0,0,0,0,0,0,0,0,0,0,0,0,0,0,0,0,0,0,0,0,0,0
2440,G_L_EREND,Monk Erend,Monk Errende,98,11168,1,0,0,1,972,483,116,108,84,72,99,115,95,68,10,12,1,7,46,0x3885,140,432,400,288,0,0,0,0,0,0,0,0,0,0,0,0,0,0,0,0,0,0,0,0,0,0,0,0,0,0,0
//2441,B_NOVICE,The Last One,The Last One,99,265203,1,212534,175494,3,4220,2107,510,139,272,148,162,99,160,59,10,12,1,7,83,0x6283E95,100,76,384,288,106267,0,0,0,0,0,0,7345,2500,603,3000,617,4000,616,500,1148,100,1140,5,1181,2,0,0,0,0,0,0
//2442,B_SUPERNOVICE,King of the Alley,King of the Alley,99,268800,1,217620,178000,3,5877,3526,410,192,206,194,181,156,203,115,10,12,1,7,83,0x6283E95,100,76,384,288,108810,0,0,0,0,0,0,7345,2500,603,3000,617,4000,616,500,1622,100,0,0,2000,2,0,0,0,0,0,0
//2443,AIRA,Aira,Aira,99,270000,1,220000,180000,1,827,285,149,10,127,62,77,44,118,49,10,12,1,7,63,0x6283695,150,432,400,288,110000,0,0,0,0,0,0,739,3000,2407,50,2409,100,0,0,0,0,0,0,0,0,0,0,0,0,0,0
2444,KULUNA,Kuluna,Kuluna,99,270000,1,220000,180000,1,739,153,109,10,130,78,53,60,114,68,10,12,1,7,68,0x6283695,160,432,400,288,110000,0,0,0,0,0,0,739,3000,2407,50,2409,100,0,0,0,0,0,0,0,0,0,0,0,0,0,0
2445,MALLINA,Mallina,Mallina,99,270000,1,220000,180000,1,782,253,117,9,124,71,55,47,73,43,10,12,1,7,82,0x6283695,160,432,400,288,110000,0,0,0,0,0,0,739,3000,2407,50,2409,100,0,0,0,0,0,0,0,0,0,0,0,0,0,0
2446,EZELLA,Ezella,Ezella,99,270000,0,110000,90000,1,574,223,68,13,108,113,60,72,148,37,10,12,1,7,64,0x6283695,160,432,400,288,55000,0,0,0,0,0,0,739,3000,2407,50,2409,100,0,0,0,0,0,0,0,0,0,0,0,0,0,0
2447,LUNE,Lune,Lune,99,270000,1,220000,180000,1,512,650,69,66,97,70,49,129,125,44,10,12,1,7,61,0x6283695,130,864,400,288,110000,0,0,0,0,0,0,739,3000,2407,50,2409,100,0,0,0,0,0,0,0,0,0,0,0,0,0,0
2448,MORIN,Morin,Morin,99,270000,1,220000,180000,1,644,498,97,83,113,66,63,110,89,58,10,12,1,7,67,0x6283695,160,864,400,288,110000,0,0,0,0,0,0,739,3000,2407,50,2409,100,0,0,0,0,0,0,0,0,0,0,0,0,0,0
2449,NASARIN,Nasarin,Nasarin,99,270000,1,220000,180000,1,852,342,136,8,158,101,94,75,108,74,10,12,1,7,45,0x6283695,155,432,400,288,110000,0,0,0,0,0,0,739,3000,2407,50,2409,100,0,0,0,0,0,0,0,0,0,0,0,0,0,0
2450,THIEF_PORING,Thief Poring,Thief Poring,1,30,0,0,0,1,8,1,2,5,6,1,1,0,6,5,10,12,1,3,21,0x0170081,200,672,864,288,0,0,0,0,0,0,0,7056,5000,7056,5000,7056,5000,644,500,603,100,0,0,0,0,0,0,0,0,0,0
2451,BABY_STRANGE,Suspicious Baby,Strange Baby Orc,1,30,1,0,0,1,8,1,2,5,6,1,1,0,6,5,10,12,1,3,21,0x0170081,200,672,864,288,0,0,0,0,0,0,0,6592,5000,6592,5000,6592,5000,644,500,603,100,0,0,0,0,0,0,0,0,0,0
2452,TREASURE_BOX_TE,Treasure Chest,Treasure Chest,99,0,1,0,0,0,0,0,0,0,0,0,0,0,1199,0,0,0,0,0,20,0x1000000,0,0,0,0,0,0,0,0,0,0,0,607,5000,608,5000,7444,10000,7444,10000,617,5000,0,0,616,400,607,500,0,0,0,0
2453,TREASURE_BOX_TE_1,Treasure Chest,Treasure Chest,99,0,1,0,0,0,0,0,0,0,0,0,0,0,1199,0,0,0,0,0,20,0x1000000,0,0,0,0,0,0,0,0,0,0,0,6595,40,658,500,7444,10000,7444,10000,12399,5000,0,0,616,400,12399,500,0,0,0,0
2454,TREASURE_BOX_TE_2,Treasure Chest,Treasure Chest,99,0,1,0,0,0,0,0,0,0,0,0,0,0,1199,0,0,0,0,0,20,0x1000000,0,0,0,0,0,0,0,0,0,0,0,6596,40,658,500,7444,10000,7444,10000,12399,5000,0,0,616,400,12399,500,0,0,0,0
2455,TREASURE_BOX_TE_3,Treasure Chest,Treasure Chest,99,0,1,0,0,0,0,0,0,0,0,0,0,0,1199,0,0,0,0,0,20,0x1000000,0,0,0,0,0,0,0,0,0,0,0,6594,40,658,500,7444,10000,7444,10000,12399,5000,0,0,616,400,12399,500,0,0,0,0
2456,TREASURE_BOX_TE_4,Treasure Chest,Treasure Chest,99,0,1,0,0,0,0,0,0,0,0,0,0,0,1199,0,0,0,0,0,20,0x1000000,0,0,0,0,0,0,0,0,0,0,0,6597,40,658,500,7444,10000,7444,10000,12399,5000,0,0,616,400,12399,500,0,0,0,0
2457,TREASURE_BOX_TE_5,Treasure Chest,Treasure Chest,99,0,1,0,0,0,0,0,0,0,0,0,0,0,1199,0,0,0,0,0,20,0x1000000,0,0,0,0,0,0,0,0,0,0,0,6602,40,658,500,7444,10000,7444,10000,12399,5000,0,0,616,400,12399,500,0,0,0,0
2458,TREASURE_BOX_TE_6,Treasure Chest,Treasure Chest,99,0,1,0,0,0,0,0,0,0,0,0,0,0,1199,0,0,0,0,0,20,0x1000000,0,0,0,0,0,0,0,0,0,0,0,6603,40,658,500,7444,10000,7444,10000,12399,5000,0,0,616,400,12399,500,0,0,0,0
2459,TREASURE_BOX_TE_7,Treasure Chest,Treasure Chest,99,0,1,0,0,0,0,0,0,0,0,0,0,0,1199,0,0,0,0,0,20,0x1000000,0,0,0,0,0,0,0,0,0,0,0,6599,40,658,500,7444,10000,7444,10000,12399,5000,0,0,616,400,12399,500,0,0,0,0
2460,TREASURE_BOX_TE_8,Treasure Chest,Treasure Chest,99,0,1,0,0,0,0,0,0,0,0,0,0,0,1199,0,0,0,0,0,20,0x1000000,0,0,0,0,0,0,0,0,0,0,0,6598,40,658,500,7444,10000,7444,10000,12399,5000,0,0,616,400,12399,500,0,0,0,0
2461,TREASURE_BOX_TE_9,Treasure Chest,Treasure Chest,99,0,1,0,0,0,0,0,0,0,0,0,0,0,1199,0,0,0,0,0,20,0x1000000,0,0,0,0,0,0,0,0,0,0,0,6601,40,658,500,7444,10000,7444,10000,12399,5000,0,0,616,400,12399,500,0,0,0,0
2462,TREASURE_BOX_TE_10,Treasure Chest,Treasure Chest,99,0,1,0,0,0,0,0,0,0,0,0,0,0,1199,0,0,0,0,0,20,0x1000000,0,0,0,0,0,0,0,0,0,0,0,6600,40,658,500,7444,10000,7444,10000,12399,5000,0,0,616,400,12399,500,0,0,0,0

//Mysterious Island
3827,AB_MOB_001,Abzan,Abzan,150,10000000,0,1000000,1000000,1,15000,20000,60,60,1,60,120,120,160,30,10,12,1,8,28,0x6203695,100,76,672,480,0,0,0,0,0,0,0,0,0,0,0,0,0,0,0,0,0,0,0,0,0,0,0,0,39120,100,0
3828,AB_MOB_002,Bug Bear,Bug Bear,150,10000000,0,1000000,1000000,1,15000,20000,60,60,1,60,120,120,160,30,10,12,1,8,28,0x6203695,100,76,672,480,0,0,0,0,0,0,0,0,0,0,0,0,0,0,0,0,0,0,0,0,0,0,0,39120,100,0,0
3829,AB_MOB_003,Chip,Chip,150,10000000,0,1000000,1000000,1,15000,20000,60,60,1,60,120,120,160,30,10,12,1,8,28,0x6203695,100,76,672,480,0,0,0,0,0,0,0,0,0,0,0,0,0,0,0,0,0,0,0,0,0,0,0,39120,100,0,0
3830,AB_MOB_004,Kokebi,Kokebi,150,10000000,0,1000000,1000000,1,15000,20000,60,60,1,60,120,120,160,30,10,12,1,8,28,0x6203695,100,76,672,480,0,0,0,0,0,0,0,0,0,0,0,0,0,0,0,0,0,0,0,0,0,0,0,39120,100,0,0 
3831,AB_MOB_005,Lotus Wormhole,Lotus Wormhole,150,10000000,0,1000000,1000000,1,15000,20000,60,60,1,60,120,120,160,30,10,12,1,8,28,0x6203695,100,76,672,480,0,0,0,0,0,0,0,0,0,0,0,0,0,0,0,0,0,0,0,0,0,0,0,39120,100,0,0
3832,AB_MOB_006,Monkeya,Monkeya,150,10000000,0,1000000,1000000,1,15000,20000,60,60,1,60,120,120,160,30,10,12,1,8,28,0x6203695,100,76,672,480,0,0,0,0,0,0,0,0,0,0,0,0,0,0,0,0,0,0,0,0,0,39112,5000,39110,100,0,0
3833,AB_MOB_007,Musang,Musang,200,10000000,0,1000000,1000000,1,15000,20000,60,60,1,60,120,120,160,30,10,12,1,8,28,0x6203695,100,76,672,480,0,0,0,0,0,0,0,0,0,0,0,0,0,0,0,0,0,0,0,0,0,0,0,39120,100,0,0
3834,AB_MOB_008,Pinya,Pinya,150,10000000,0,1000000,1000000,1,15000,20000,60,60,1,60,120,120,160,30,10,12,1,8,28,0x6203695,100,76,672,480,0,0,0,0,0,0,0,0,0,0,0,0,0,0,0,0,0,0,0,0,0,0,0,39120,100,0,0
3835,AB_MOB_009,Dark Snake Lord,Dark Snake Lord,255,1101000,1,2010,2010,3,2882,1986,314,185,122,172,107,135,196,88,10,12,2,2,68,0x6283695,200,588,816,420,1005,607,5500,617,5500,617,5500,7169,5820,10020,5100,1471,80,12539,50,1474,500,7226,900,661,7500,39120,7500,0,0,4330,1
2961,E_TORTUROUS_REDEEMER,Eden's Harbinger,Eden's Harbinger,230,60334276,1,10590,8378,1,1,1,144,28,220,220,220,220,220,220,10,12,1,7,62,0x6203695,200,672,420,360,1,0,0,0,0,0,0,923,2000,6672,10000,6672,10000,0,0,0,0,0,0,0,0,0,0,39120,10000,39125,1
3836,AB_MOB_010,Chamemon,Chamemon,150,10000000,0,1000000,1000000,1,15000,20000,60,60,1,60,120,120,160,30,10,12,1,8,28,0x6203695,100,76,672,480,0,0,0,0,0,0,0,0,0,0,0,0,0,0,0,0,0,0,0,0,0,0,0,39120,100,0,0
3837,AB_MOB_011,Roostmon,Roostmon,150,10000000,0,1000000,1000000,1,15000,20000,60,60,1,60,120,120,160,30,10,12,1,8,28,0x6203695,100,76,672,480,0,0,0,0,0,0,0,0,0,0,0,0,0,0,0,0,0,0,0,0,0,39120,100,39130,5000,0,0
3838,AB_MOB_012,Frillmon,Frillmon,150,10000000,0,1000000,1000000,1,15000,20000,60,60,1,60,120,120,160,30,10,12,1,8,28,0x6203695,100,76,672,480,0,0,0,0,0,0,0,39132,5000,39120,100,0,0,0,0,0,0,0,0,0,0,0,0,0,0,0,0
3839,AB_MOB_013,Seabreamon,Seabreamon,150,10000000,0,1000000,1000000,1,15000,20000,60,60,1,60,120,120,160,30,10,12,1,8,28,0x6203695,100,76,672,480,0,0,0,0,0,0,0,0,0,0,0,0,0,0,0,0,0,0,0,0,0,0,0,39120,100,0,0
3840,AB_MOB_014,Igumon,Igumon,150,10000000,0,1000000,1000000,1,15000,20000,60,60,1,60,120,120,160,30,10,12,1,8,28,0x6203695,100,76,672,480,0,0,0,0,0,0,0,0,0,0,0,0,0,0,0,0,0,0,0,0,0,0,0,39120,100,0,0
3841,AB_MOB_015,Ictomon,Ictomon,150,10000000,0,1000000,1000000,1,15000,20000,60,60,1,60,120,120,160,30,10,12,1,8,28,0x6203695,100,76,672,480,0,0,0,0,0,0,0,0,0,0,0,0,0,0,0,0,0,0,0,0,0,39120,100,39130,5000,0,0
3842,AB_MOB_016,Gulaymon,Gulaymon,150,10000000,0,1000000,1000000,1,15000,20000,60,60,1,60,120,120,160,30,10,12,1,8,28,0x6203695,100,76,672,480,0,0,0,0,0,0,0,0,0,0,0,0,0,0,0,0,0,0,0,0,0,0,0,39120,100,0,0
3843,AB_MOB_017,Urchimon,Urchimon,200,10000000,0,1000000,1000000,1,15000,20000,60,60,1,60,120,120,160,30,10,12,1,8,28,0x6203695,100,76,672,480,0,0,0,0,0,0,0,0,0,0,0,0,0,0,0,0,0,0,0,0,0,0,0,39120,100,0,0
3844,AB_MOB_018,Dramon,Dramon,150,10000000,0,1000000,1000000,1,15000,20000,60,60,1,60,120,120,160,30,10,12,1,8,28,0x6203695,100,76,672,480,0,0,0,0,0,0,0,0,0,0,0,0,0,0,0,0,0,0,0,39103,5000,39131,100,39120,100,39126,1
3845,AB_MOB_019,Arachnemon,Arachnemon,200,55000000,1,0,0,3,105000,105000,105,55,215,215,215,215,215,215,10,12,2,4,82,0x6283695,200,1020,500,768,1,674,5000,543,1000,0,0,5317,100,7484,1000,39133,100,20210,5000,39127,1,39120,10000,0,0,0,0,40461,5,40476,1
3846,AB_MOB_020,Pyupyumon,Pyupyumon,150,10000000,0,1000000,1000000,1,15000,20000,60,60,1,60,120,120,160,30,10,12,1,8,28,0x6203695,100,76,672,480,0,0,0,0,0,0,0,0,0,0,0,0,0,0,0,0,0,0,0,0,0,0,0,39120,100,0,0
3847,AB_MOB_021,Firamon,Firamon,150,10000000,0,1000000,1000000,1,15000,20000,60,60,1,60,120,120,160,30,10,12,1,8,28,0x6203695,100,76,672,480,0,0,0,0,0,0,0,0,0,0,0,0,0,0,0,0,0,0,0,0,0,0,0,39120,100,0,0
3848,AB_MOB_022,Langamon,Langamon,150,10000000,0,1000000,1000000,1,15000,20000,60,60,1,60,120,120,160,30,10,12,1,8,28,0x6203695,100,76,672,480,0,0,0,0,0,0,0,0,0,0,0,0,0,0,0,0,0,0,0,0,0,0,0,39120,100,0,0
3849,AB_MOB_023,Gamugamon,Gamugamon,150,10000000,0,1000000,1000000,1,15000,20000,60,60,1,60,120,120,160,30,10,12,1,8,28,0x6203695,100,76,672,480,0,0,0,0,0,0,0,0,0,0,0,0,0,0,0,0,0,0,0,0,0,0,0,39120,100,0,0
3854,AB_MOB_024,Guianamon,Guianamon,150,10000000,0,1000000,1000000,1,15000,20000,60,60,1,60,120,120,160,30,10,12,1,8,28,0x6203695,100,76,672,480,0,0,0,0,0,0,0,0,0,0,0,0,0,0,0,0,0,0,0,0,0,0,0,39120,100,0,0
3850,AB_MOB_025,Birmon,Birmon,150,10000000,0,1000000,1000000,1,15000,20000,60,60,1,60,120,120,160,30,10,12,1,8,28,0x6203695,100,76,672,480,0,0,0,0,0,0,0,0,0,0,0,0,0,0,0,0,0,0,0,0,0,0,0,39120,100,0,0
3851,AB_MOB_026,Parumon,Parumon,150,10000000,0,1000000,1000000,1,15000,20000,60,60,1,60,120,120,160,30,10,12,1,8,28,0x6203695,100,76,672,480,0,0,0,0,0,0,0,0,0,0,0,0,0,0,0,0,0,0,0,0,0,0,0,39120,100,0,0
3852,AB_MOB_027,Mingomon,Mingomon,150,10000000,0,1000000,1000000,1,15000,20000,60,60,1,60,120,120,160,30,10,12,1,8,28,0x6203695,100,76,672,480,0,0,0,0,0,0,0,0,0,0,0,0,0,0,0,0,0,0,0,0,0,0,0,39120,100,0,0
3853,AB_MOB_028,Myconidmon,Myconidmon,150,10000000,0,1000000,1000000,1,15000,20000,60,60,1,60,120,120,160,30,10,12,1,8,28,0x6203695,100,76,672,480,0,0,0,0,0,0,0,0,0,0,0,0,0,0,0,0,0,0,0,0,0,0,0,39120,100,0,0
//Dwarf Cave
3855,AB_MOB_029,Guardian Kuma,Guardian Kuma,250,90000000,1,1000000,1000000,1,116000,116000,60,60,240,240,240,240,240,240,10,12,1,8,28,0x6283695,100,76,672,480,1,0,0,0,0,0,0,0,0,0,0,0,0,0,0,0,0,39121,10000,39129,1,39109,5000,39108,100,31014,1
3856,AB_MOB_030,Kubma,Kubma,200,10000000,0,1000000,1000000,1,90000,90000,60,60,200,200,200,200,200,200,10,12,1,8,28,0x6283695,100,76,672,480,0,0,0,0,0,0,0,0,0,0,0,0,0,0,0,0,0,0,0,39121,100,39109,100,39114,5000,0,0
3857,AB_MOB_031,Momonga,Momonga,200,10000000,0,1000000,1000000,1,100000,100000,60,60,220,220,220,220,220,220,10,12,1,8,28,0x6283695,100,76,672,480,0,0,0,0,0,0,0,0,0,0,0,0,0,0,0,39121,7500,39113,1,39111,100,39112,10000,39110,5000,39124,1
3858,AB_MOB_032,King Ducole,King Ducole,200,10000000,0,1000000,1000000,1,100000,100000,60,60,220,220,220,220,220,220,10,12,1,8,28,0x6283695,100,76,672,480,0,0,0,0,0,0,0,0,0,0,0,0,0,0,0,0,0,0,0,0,0,0,0,39121,5000,0,0
3859,AB_MOB_033,Ducole,Ducole,200,10000000,0,1000000,1000000,1,90000,90000,60,60,200,200,200,200,200,200,10,12,1,8,28,0x6283695,100,76,672,480,0,0,0,0,0,0,0,0,0,0,0,0,0,0,0,0,0,0,0,0,0,0,0,39121,100,0,0
3860,AB_MOB_034,Kaboom,Kaboom,200,10000000,0,1000000,1000000,1,100000,100000,60,60,220,220,220,220,220,220,10,12,1,8,28,0x6283695,100,76,672,480,0,0,0,0,0,0,0,0,0,0,0,0,0,0,0,0,0,0,0,0,0,0,0,39121,100,0,0
3861,AB_MOB_035,Moss Moth,Moss Moth,200,10000000,0,1000000,1000000,1,90000,90000,60,60,200,200,200,200,200,200,10,12,1,8,28,0x6283695,100,76,672,480,0,0,0,0,0,0,0,0,0,0,0,0,0,0,0,0,0,0,0,0,0,1385,500,39121,100,0,0
3862,AB_MOB_036,Sprouting,Sprouting,200,10000000,0,1000000,1000000,1,90000,90000,60,60,200,200,200,200,200,200,10,12,1,8,28,0x6283695,100,76,672,480,0,0,0,0,0,0,0,0,0,0,0,0,0,0,0,0,0,0,0,0,0,1385,500,39121,100,0,0
3863,AB_MOB_037,Digger Skeleton,Digger Skeleton,200,10000000,0,1000000,1000000,1,90000,90000,60,60,200,200,200,200,200,200,10,12,1,8,28,0x6283695,100,76,672,480,0,0,0,0,0,0,0,0,0,0,0,0,0,0,0,0,0,0,0,0,0,1385,500,39121,100,0,0
3864,AB_MOB_038,Rare Chest,Rare Chest,150,10000000,0,1000000,1000000,1,15000,20000,60,60,1,60,120,120,160,30,10,12,1,8,28,0x1000000,100,76,672,480,0,0,0,0,0,0,0,0,0,0,0,0,0,0,0,0,0,0,0,0,0,0,0,39121,7500,0,0
//3865,AB_MOB_039
//3866,AB_MOB_040
//3867,AB_MOB_041
//3868,AB_MOB_042
//3869,AB_MOB_043
//3870,AB_MOB_044
//3871,AB_MOB_045
//3872,AB_MOB_046
//3873,AB_MOB_047
//3874,AB_MOB_048
//3875,AB_MOB_049
//3876,AB_MOB_050